8.604429729843479091e-01
8.593273780024170971e-01
8.604376188938245296e-01
8.594304360910693941e-01
8.604353641704789446e-01
8.593981032204344173e-01
8.605383177506770176e-01
8.594459273900434404e-01
8.603065568906334004e-01
8.605979890757782247e-01
8.591339101558249647e-01
8.604323665935642573e-01
8.603571171459413192e-01
8.595925641082271529e-01
8.558710501032811280e-01
8.636671219548469614e-01
8.707243893809082369e-01
8.816148129824655788e-01
8.919222642462144579e-01
9.017213275533263461e-01
9.061650901143651904e-01
9.130454473258559078e-01
9.151001537303362632e-01
9.185073269112351557e-01
9.286963421516225559e-01
9.361471424558567289e-01
9.373331931102899528e-01
9.440082540320147153e-01
9.468809872384754689e-01
9.494283453680031348e-01
9.533043069839517436e-01
9.600350333521920909e-01
9.698696199703669141e-01
9.770303587653367261e-01
9.808298338894362312e-01
9.806182055862190383e-01
9.805704520678675262e-01
9.858307649997690714e-01
1.013352475450886248e+00
1.060448410828508159e+00
1.044633863167627519e+00
1.046541354419121328e+00
1.035062708858477620e+00
1.037877623177113851e+00
1.025777406808605852e+00
1.024861691610603920e+00
1.012519601049541640e+00
1.007913885953750643e+00
1.003655991654009094e+00
1.001696155796484078e+00
9.976281347584757819e-01
9.890364602760312041e-01
9.805407948091058312e-01
9.844870433030004087e-01
9.835645684684879431e-01
9.791459785601924759e-01
9.725977056109280650e-01
9.654274534185829371e-01
9.658500045812445922e-01
9.610094926895696998e-01
9.643345736520874123e-01
9.640332437673149180e-01
9.543378037388530188e-01
9.436353309642286913e-01
9.273314831358060450e-01
9.175568828628020146e-01
9.138127220945597706e-01
9.016133396170082914e-01
8.859611097461266294e-01
8.718003010981065781e-01
8.580849069639734372e-01
8.461551470779989925e-01
8.317747040352044818e-01
8.196114418196270845e-01
8.075562003775258457e-01
7.970295689471567080e-01
7.794096383443551712e-01
7.566395327240850177e-01
7.339963257042504408e-01
7.159972115124800807e-01
6.982927588493588189e-01
6.800126772356629434e-01
6.598385980290073505e-01
6.339228068403699456e-01
6.142072781344074528e-01
5.967591838101735657e-01
5.844149305427501773e-01
5.725947696820955501e-01
5.570215083432790149e-01
5.440797317945420541e-01
5.319798775728236118e-01
5.126425464337734939e-01
5.020234836130822442e-01
4.880968679278594458e-01
4.746364284141991186e-01
4.602789867072635821e-01
4.550312822539657742e-01
4.501748795267068726e-01
4.377221564287616107e-01
4.387067655019479817e-01
4.318752596878517314e-01
4.131485692675172516e-01
4.166421868124264294e-01
3.969478290064004100e-01
4.032193208725355915e-01
3.968633724171438670e-01
3.785890639930355461e-01
3.872867611351935024e-01
3.735761303620388496e-01
3.881712086631737280e-01
3.835456370127046655e-01
3.760369786725490382e-01
3.803398857067235017e-01
3.709962902440048782e-01
3.802729622396903708e-01
3.811356851644632227e-01
3.764792114424725944e-01
3.884148892791253749e-01
3.856006585563050981e-01
3.856944810208001728e-01
3.885878914742754708e-01
3.936604247270988344e-01
4.041761791628182277e-01
4.113572026425337258e-01
4.241565228522068964e-01
4.295797616305065403e-01
4.503806745971644654e-01
4.684149274838543264e-01
4.754959504721772423e-01
4.878509633144575974e-01
4.982405392722837889e-01
5.151114019134319655e-01
5.306385640432972339e-01
5.462718884936418329e-01
5.641671031214227083e-01
5.842679640126828833e-01
6.033499133231210454e-01
6.195577071683592285e-01
6.398639577221651997e-01
6.550362762865162836e-01
6.740211528021238241e-01
6.864475622322597781e-01
7.075496040333070225e-01
7.234688402553016706e-01
7.393515086836482952e-01
7.594472444931342769e-01
7.720641976134006157e-01
7.881726637261252666e-01
7.955569877036580140e-01
8.035347781297498271e-01
8.055439524461757150e-01
8.106855178069890533e-01
8.158190224393488954e-01
8.199629873002527436e-01
8.204712604739682336e-01
8.191443389002232012e-01
8.194295156054192120e-01
8.174250231646924547e-01
8.141359658319539117e-01
8.127068734753020163e-01
8.135625187026579441e-01
8.118364538099001049e-01
8.137637507254101843e-01
8.131228957939258262e-01
8.079841460399748154e-01
8.025806172047317277e-01
8.019044297305015778e-01
7.982066214127490067e-01
7.928029380730242659e-01
7.924893024190267088e-01
7.873914980500107408e-01
7.803546343063417767e-01
7.764899030953141823e-01
7.697523551565327304e-01
7.619187904982770432e-01
7.549431476133550145e-01
7.474791019657415214e-01
7.405368314256473017e-01
7.329329319825084177e-01
7.240526865247414179e-01
7.182269501759661612e-01
7.062261385968433558e-01
6.910488742285763042e-01
6.777927594269976819e-01
6.598371944078568196e-01
6.433995668100001009e-01
6.243496176103934259e-01
6.049790851931265978e-01
5.850602418476202882e-01
5.644302555777811481e-01
5.437851290770631119e-01
5.357790409535769793e-01
5.281409278109500116e-01
5.239286450632612002e-01
5.251913211322971620e-01
5.220835149760997274e-01
5.140848097006561757e-01
5.141440191382158353e-01
5.164923537292780420e-01
4.973578044736000625e-01
