8.604429729843479091e-01
8.593273780024170971e-01
8.604376188938245296e-01
8.594304360910693941e-01
8.604353641704789446e-01
8.593981032204344173e-01
8.605383177506770176e-01
8.594459273900434404e-01
8.603065568906334004e-01
8.605979890757782247e-01
8.591339101558249647e-01
8.604323665935642573e-01
8.603571171459413192e-01
8.595925641082271529e-01
8.558710501032811280e-01
8.636671219548469614e-01
8.707243893809082369e-01
8.816148129824655788e-01
8.919222642462144579e-01
9.017213275533263461e-01
9.061650901143651904e-01
9.130454473258559078e-01
9.151001537303362632e-01
9.185073269112351557e-01
9.286963421516225559e-01
9.361471424558567289e-01
9.373331931102899528e-01
9.440082540320147153e-01
9.468809872384754689e-01
9.494283453680031348e-01
9.533043069839517436e-01
9.600350333521920909e-01
9.698696199703669141e-01
9.770303587653367261e-01
9.808298338894362312e-01
9.806182055862190383e-01
9.805704520678675262e-01
9.858307649997690714e-01
1.013352475450886248e+00
1.060448410828508159e+00
1.044633863167627519e+00
1.046541354419121328e+00
1.035062708858477620e+00
1.037877623177113851e+00
1.025777406808605852e+00
1.024861691610603920e+00
1.012519601049541640e+00
1.007913885953750643e+00
1.003655991654009094e+00
1.001696155796484078e+00
9.976281347584757819e-01
9.890364602760312041e-01
9.805407948091058312e-01
9.844870433030004087e-01
9.835645684684879431e-01
9.791459785601924759e-01
9.725977056109280650e-01
9.654274534185829371e-01
9.658500045812445922e-01
9.610094926895696998e-01
9.643345736520874123e-01
9.640332437673149180e-01
9.543378037388530188e-01
9.436353309642286913e-01
9.273314831358060450e-01
9.175568828628020146e-01
9.138127220945597706e-01
9.016133396170082914e-01
8.859611097461266294e-01
8.718003010981065781e-01
8.580849069639734372e-01
8.461551470779989925e-01
8.317747040352044818e-01
8.196114418196270845e-01
8.075562003775258457e-01
7.970295689471567080e-01
7.794096383443551712e-01
7.566395327240850177e-01
7.339963257042504408e-01
7.159972115124800807e-01
6.982927588493588189e-01
6.800126772356629434e-01
6.598385980290073505e-01
6.339228068403699456e-01
6.142072781344074528e-01
5.967591838101735657e-01
5.844149305427501773e-01
5.725947696820955501e-01
5.570215083432790149e-01
5.440797317945420541e-01
5.319798775728236118e-01
5.126425464337734939e-01
5.020234836130822442e-01
4.880968679278594458e-01
4.746364284141991186e-01
4.602789867072635821e-01
4.550312822539657742e-01
4.501748795267068726e-01
4.377221564287616107e-01
4.387067655019479817e-01
4.318752596878517314e-01
4.131485692675172516e-01
4.166421868124264294e-01
3.969478290064004100e-01
4.032193208725355915e-01
3.968633724171438670e-01
3.785890639930355461e-01
3.872867611351935024e-01
3.735761303620388496e-01
3.881712086631737280e-01
3.835456370127046655e-01
3.760369786725490382e-01
3.803398857067235017e-01
3.709962902440048782e-01
3.802729622396903708e-01
3.811356851644632227e-01
3.764792114424725944e-01
3.884148892791253749e-01
3.856006585563050981e-01
3.856944810208001728e-01
3.885878914742754708e-01
3.936604247270988344e-01
4.041761791628182277e-01
4.113572026425337258e-01
4.241565228522068964e-01
4.295797616305065403e-01
4.503806745971644654e-01
4.684149274838543264e-01
4.754959504721772423e-01
4.878509633144575974e-01
4.982405392722837889e-01
5.151114019134319655e-01
5.306385640432972339e-01
5.462718884936418329e-01
5.641671031214227083e-01
5.842679640126828833e-01
6.033499133231210454e-01
6.195577071683592285e-01
6.398639577221651997e-01
6.550362762865162836e-01
6.740211528021238241e-01
6.864475622322597781e-01
7.075496040333070225e-01
7.234688402553016706e-01
7.393515086836482952e-01
7.594472444931342769e-01
7.720641976134006157e-01
7.881726637261252666e-01
7.955569877036580140e-01
8.035347781297498271e-01
8.055439524461757150e-01
8.106855178069890533e-01
8.158190224393488954e-01
8.199629873002527436e-01
8.204712604739682336e-01
8.191443389002232012e-01
8.194295156054192120e-01
8.174250231646924547e-01
8.141359658319539117e-01
8.127068734753020163e-01
8.135625187026579441e-01
8.118364538099001049e-01
8.137637507254101843e-01
8.131228957939258262e-01
8.079841460399748154e-01
8.025806172047317277e-01
8.019044297305015778e-01
7.982066214127490067e-01
7.928029380730242659e-01
7.924893024190267088e-01
7.873914980500107408e-01
7.803546343063417767e-01
7.764899030953141823e-01
7.697523551565327304e-01
7.619187904982770432e-01
7.549431476133550145e-01
7.474791019657415214e-01
7.405368314256473017e-01
7.329329319825084177e-01
7.240526865247414179e-01
7.182269501759661612e-01
7.062261385968433558e-01
6.910488742285763042e-01
6.777927594269976819e-01
6.598371944078568196e-01
6.433995668100001009e-01
6.243496176103934259e-01
6.049790851931265978e-01
5.850602418476202882e-01
5.644302555777811481e-01
5.437851290770631119e-01
5.357790409535769793e-01
5.281409278109500116e-01
5.239286450632612002e-01
5.251913211322971620e-01
5.220835149760997274e-01
5.140848097006561757e-01
5.141440191382158353e-01
5.164923537292780420e-01
4.973578044736000625e-01
4.992201170442494007e-01
4.940666233612943659e-01
4.658413844890385569e-01
4.801093676071990779e-01
4.558171766248006462e-01
4.774782277199384750e-01
4.761869151091010499e-01
4.523975445419124441e-01
4.774713055171805332e-01
4.779666298199701235e-01
4.571112201637128614e-01
4.812365093689335294e-01
4.822680134670110363e-01
4.700543035672505865e-01
4.908623345014673234e-01
4.793429744723466390e-01
4.916382661304151136e-01
4.924457026681700045e-01
4.960724258197884984e-01
5.073255118667651109e-01
5.182221462499460030e-01
5.256786641371584690e-01
5.360521425892683656e-01
5.458466119890282853e-01
5.565282028241321788e-01
5.646117318291613563e-01
5.765690850475432283e-01
5.976831624035120472e-01
6.088680001307911205e-01
6.234125492344856356e-01
6.335194115390317959e-01
6.467179411856732729e-01
6.528140831839326363e-01
6.618445679851665542e-01
6.660760648480594792e-01
6.787722850506691108e-01
6.929469938731759315e-01
7.135903259821506639e-01
7.298261192354001947e-01
7.395813753833888615e-01
7.432863238324740607e-01
7.490509664539977130e-01
7.612629134061790204e-01
7.737711563280111893e-01
7.894593792491199080e-01
7.980056976741770614e-01
8.118351848498146506e-01
8.306005932230513533e-01
8.312465397266591838e-01
8.403981726106383165e-01
8.391222312848258813e-01
8.439269338899577644e-01
8.491740240502302361e-01
8.564142421881308920e-01
8.615207147944600186e-01
8.615882396350326156e-01
8.639023608169174029e-01
8.800192407722811083e-01
8.732705280569847961e-01
8.714647308966452233e-01
8.741797418800003605e-01
8.749617452521107897e-01
8.696803386812280712e-01
8.471709723783459323e-01
8.371096726266055166e-01
8.388556471207674337e-01
8.535278831903828634e-01
8.699284750780885700e-01
8.616577574538299977e-01
8.330180421641453226e-01
8.197089723721692200e-01
8.235676543210718181e-01
8.300501047670748589e-01
8.327944547628591820e-01
8.220795604290900283e-01
8.175802899514375000e-01
8.323009852454271718e-01
8.025617847864263688e-01
8.202744570477313868e-01
8.198069340153287810e-01
8.137580494442491208e-01
8.102291428804315743e-01
8.028361235270743412e-01
8.106899506143123713e-01
8.160746313605461433e-01
8.185957652653885752e-01
8.174822895807521972e-01
8.113143694646093307e-01
8.019966551518562525e-01
7.975351032615168867e-01
8.055625636474262885e-01
8.159167074160312838e-01
8.222515445777068832e-01
8.179231350839991643e-01
8.126739494833785660e-01
8.159992966962915650e-01
8.228649848406464073e-01
8.284355777425553846e-01
8.309553516558869646e-01
8.253107338620345734e-01
8.238871237550663418e-01
8.239767888152189634e-01
8.204374914991198198e-01
8.188783657471915278e-01
8.177083331836919600e-01
8.353941033403817773e-01
8.403476820103896738e-01
8.361579513070332981e-01
8.239215639295482951e-01
8.155468601184361344e-01
8.184311846218559339e-01
8.279882239000248001e-01
8.348592763685109830e-01
8.364856846966860493e-01
8.410759866715445954e-01
8.431494361395441839e-01
8.368592614625394166e-01
8.292232769871006326e-01
8.325212569017483855e-01
8.529140991748612732e-01
8.606855086612169581e-01
8.561768487097077829e-01
8.452174065067691311e-01
8.383915926226240822e-01
8.395128897629033915e-01
8.477083592122928168e-01
8.585729386184108858e-01
8.630997565147789929e-01
8.646781805979070201e-01
8.566797620817786507e-01
8.500945162802291399e-01
8.457651196302795604e-01
8.491920211878574154e-01
8.622708355625748888e-01
8.643603233518845075e-01
8.508590990342194127e-01
8.400562993602639361e-01
8.375859796056230877e-01
8.410906990395922156e-01
8.433094174076105620e-01
8.398016010472137971e-01
8.372732647264125028e-01
8.342270792904933341e-01
8.257494730709649122e-01
8.152069748747398092e-01
8.159063157096621000e-01
7.073934382972554280e-01
7.082957021909909168e-01
7.078950403418580173e-01
7.079954267296139081e-01
7.078962183706961619e-01
7.075948557118395543e-01
7.071954646929455857e-01
7.088987620749507279e-01
7.073957204879958161e-01
7.082984856177308997e-01
7.077974811111079623e-01
7.069962971673060537e-01
7.079995076432070711e-01
7.071970948286713243e-01
7.079994171697945315e-01
7.130706114145405339e-01
6.486516469379508543e-01
6.481942791046861885e-01
6.475945715953514981e-01
6.363509430410254630e-01
6.386323516254660548e-01
6.361872935867421974e-01
6.463030022609997927e-01
6.488212249455787006e-01
6.575390022853285776e-01
6.507866651851804685e-01
6.506838460054061857e-01
6.539802548429531903e-01
6.609874519448254437e-01
6.762804755076607943e-01
6.862746505314190060e-01
6.923279635028011247e-01
6.937476031040357149e-01
6.821358432473708655e-01
6.716310370522912132e-01
6.537227406268961705e-01
6.551835825472951402e-01
6.813384101263920689e-01
6.867706881547372966e-01
6.813921341729788361e-01
6.822110420365224970e-01
6.749110294691705869e-01
6.860795395924889073e-01
6.863299745960748099e-01
6.911440038870980684e-01
6.839526895483070135e-01
6.817512591041838821e-01
6.717707916866896278e-01
6.673913649942179172e-01
6.622949855396270680e-01
6.588174720939204976e-01
6.575191745079262962e-01
6.499242115961175736e-01
6.228507338236467517e-01
6.100583016731050412e-01
5.980049434549439269e-01
5.707870937964961700e-01
5.480907654501245840e-01
5.317143578218992417e-01
5.222115021970842319e-01
5.167871697823414046e-01
5.091934818806935770e-01
5.121655192483446362e-01
5.079874731062629101e-01
4.911727628073854768e-01
4.923453010634908367e-01
4.662008543779461722e-01
4.784808129609093852e-01
4.759853475273619905e-01
4.485664310273432265e-01
4.603312358205425281e-01
4.558535448654415512e-01
4.264848368431652381e-01
4.409481901795548331e-01
4.430159017231795060e-01
4.252242818498838672e-01
4.372466313661422799e-01
4.283679386827992652e-01
4.102831854283850999e-01
4.165603946597897234e-01
4.108244351860345644e-01
4.017799302254554950e-01
4.113557605914166526e-01
4.223552888755471857e-01
4.373480253871857570e-01
4.507188977863334500e-01
4.660036656114024955e-01
4.701947682162472830e-01
4.833284354266387806e-01
4.980927618361641884e-01
5.016604266906016241e-01
5.151259799138607764e-01
5.264676289823925215e-01
5.372881657127450694e-01
5.516115297301020792e-01
5.656042883608675131e-01
5.802113622748631405e-01
5.978161465398178498e-01
6.161717558258648086e-01
6.343912131765981899e-01
6.555165732791843336e-01
6.741007436306636347e-01
6.860164741221165263e-01
6.929116894872049404e-01
7.125805098403263926e-01
7.421169644606485649e-01
7.595692258669668462e-01
7.880853516112612533e-01
8.015288099820288004e-01
8.121602897798158027e-01
8.354870383290103897e-01
8.447816633743235881e-01
8.685322065342184761e-01
8.668695799154209070e-01
8.699790173485010270e-01
8.622658695268153872e-01
8.634956361043002460e-01
8.685552912507058521e-01
8.786970332014637508e-01
8.702986583702020384e-01
8.717850337393553417e-01
8.742342243208187647e-01
8.770900302531552395e-01
8.689547459202231483e-01
8.726841738143986671e-01
8.698582851247632641e-01
8.886710687853447421e-01
8.718617288591139491e-01
8.826897140348983761e-01
8.748674530737042820e-01
8.695739285532151364e-01
8.658688463881729636e-01
8.638835252499909023e-01
8.614036885295719426e-01
8.508137220392367750e-01
8.526015814195998521e-01
8.404513265676142320e-01
8.444719871071914019e-01
8.342499840165766845e-01
8.375622756496156063e-01
8.302643258229214229e-01
8.270564799400175193e-01
8.201862908478801950e-01
8.120600717427984838e-01
8.103882435223226377e-01
8.070884326243205065e-01
8.107138874586414801e-01
8.034316543254408360e-01
8.023058881389359964e-01
7.969646703589299275e-01
7.898235331950538285e-01
7.850888409660172762e-01
7.755237764040253667e-01
7.663181221851966818e-01
7.554254700795499655e-01
7.469048073577800873e-01
7.311960816848990241e-01
7.143462782767405761e-01
6.990577442040214473e-01
6.850041708522049966e-01
6.708389901865973171e-01
6.582192137649507391e-01
6.392547568863820029e-01
6.275316946777526050e-01
6.111838639115875216e-01
5.988411589212028208e-01
5.837923660311922225e-01
5.675507839296242141e-01
5.484305452617986854e-01
5.291236533694433364e-01
5.151381698177575075e-01
4.957615319640239493e-01
4.804308378892932496e-01
4.631645008157138643e-01
4.503864670059399833e-01
4.301428272186479385e-01
4.127792232150864216e-01
3.978533377972781060e-01
3.779357742745942383e-01
3.588180858571871634e-01
3.447151004343965708e-01
3.248368541875187310e-01
3.011304364054417371e-01
2.797336182801448690e-01
2.526805866996404415e-01
2.281710209643572629e-01
1.946827120622931784e-01
1.706398672493509849e-01
1.480298058021902174e-01
1.198237181391739181e-01
9.401719157897088508e-02
7.579018289335689995e-02
6.810064821613810715e-02
5.574015848192515749e-02
4.468516456686817684e-02
3.015607000201309812e-02
1.937631284931942699e-02
7.447936225073494183e-03
2.469227507681886601e-03
4.547653683047380400e-03
1.850070920846603713e-03
2.897993415259916047e-03
3.852304533920505869e-03
7.304821010513704027e-03
5.250094945590371050e-03
1.099820484569073026e-02
1.099081565836879104e-02
1.480949609071483680e-02
1.939433071437339506e-02
2.213162506034552224e-02
2.629160963507003873e-02
3.197890833687232204e-02
4.362727433278477257e-02
5.897354945207018695e-02
7.986044767054768789e-02
9.895345502948774130e-02
1.195891583713959705e-01
1.391591610370532528e-01
1.581850720426316304e-01
1.782894690226378975e-01
1.948159723153722322e-01
2.093924115193223912e-01
2.240317276359852783e-01
2.414576521428407618e-01
2.536628872759981168e-01
2.598577439009232548e-01
2.667531536613541587e-01
2.823280314557725656e-01
2.938073457515493203e-01
2.967322184077358371e-01
3.186333496630198714e-01
3.187393027797608136e-01
3.398470060799622661e-01
3.480878829957286258e-01
3.386487028752313000e-01
3.661502492764623362e-01
3.766211731133229934e-01
3.510511674166439389e-01
3.926057754420125279e-01
3.666251443839625423e-01
4.243093493330676869e-01
4.429773608071354007e-01
4.132413999072255817e-01
4.749964925292931572e-01
4.856843285824957168e-01
4.652144455299301318e-01
5.093108848064427097e-01
5.066613658664753661e-01
5.530558452638186795e-01
5.716833542289034842e-01
5.727319439676096247e-01
6.126016050228019205e-01
6.088480191603069525e-01
6.310351239336349227e-01
6.529409543456535792e-01
6.674535198747872933e-01
6.813455269748139864e-01
6.987017040000991219e-01
7.143519502081586703e-01
7.279014518050070937e-01
7.465766242721895152e-01
7.652662547646117419e-01
7.833454722281912863e-01
7.951590314042559227e-01
8.090778264083386961e-01
8.227209355393126922e-01
8.314678991750336090e-01
8.500040422773590398e-01
8.652749653812504826e-01
8.848557869651312302e-01
8.944910808135099201e-01
9.067694727771443697e-01
9.126798717274796635e-01
9.196880822595516758e-01
9.320657827928847672e-01
9.450696719061971729e-01
9.645251188470744808e-01
9.745010801541623691e-01
9.884960580294425148e-01
1.005031988813794630e+00
1.009740443625243733e+00
1.008333252935566193e+00
1.014104775086609900e+00
1.020897513424081415e+00
1.033068659766291919e+00
1.038642473290531054e+00
1.049196205706602436e+00
1.053859027657525260e+00
1.052605174509573693e+00
1.049763426752060580e+00
1.052894591415789893e+00
1.059616668809465256e+00
1.065809329671973726e+00
1.067252246084272160e+00
1.067190400822368712e+00
1.061956214541124321e+00
1.057178917797034767e+00
1.049750510671652926e+00
1.046394367959953442e+00
1.040096086294837852e+00
1.040073284206690429e+00
1.037221085780930085e+00
1.036973310752080213e+00
1.034302528932303789e+00
1.028708116493110669e+00
1.027659576038582934e+00
1.027682279148133038e+00
1.031366795203721543e+00
1.029782265824821685e+00
1.021411096708685795e+00
1.021923570703872297e+00
1.023380732904411339e+00
1.022962044413383120e+00
1.023772401576641400e+00
1.023345654554754347e+00
1.031776143653222455e+00
1.030544431234816649e+00
1.032592040239871833e+00
1.036471138384415402e+00
1.039143638084832233e+00
1.046219459500867144e+00
1.049251376809596570e+00
1.054474438154703986e+00
1.061467941448124952e+00
1.064162634100148219e+00
1.062998527087213985e+00
1.074857994825321406e+00
1.081374324908708884e+00
1.084072904326599307e+00
1.086377507838855561e+00
1.084692337649362681e+00
1.083518923077128715e+00
1.078593208151101823e+00
1.074121435210394493e+00
1.071325582785265018e+00
1.070098902902016702e+00
1.071004415091204587e+00
1.073241521749265459e+00
1.072464493380197448e+00
1.068967334128405833e+00
1.057992294976682013e+00
1.053739019331883853e+00
1.052986777750828384e+00
1.038500745630423827e+00
1.031392742245949234e+00
1.019841833331006642e+00
1.012626918846450064e+00
1.002050887603606499e+00
9.938771980077301116e-01
9.864811905336281495e-01
9.773205153699915382e-01
9.639853504328417255e-01
9.525826493590100474e-01
9.429431933217092832e-01
9.307407265234269866e-01
9.186363069557926808e-01
8.987457531716673831e-01
8.837119409184381880e-01
8.711443513926270255e-01
8.524320156204824306e-01
8.348798764548005513e-01
8.119202793362965132e-01
7.892833065784160551e-01
7.757613773500300347e-01
7.458409390181792720e-01
7.238362725498649342e-01
6.979770463000528613e-01
6.697532548592128876e-01
6.458891495619042411e-01
6.268257009342316222e-01
6.066973935242627736e-01
5.885070221338802865e-01
5.641887071406327392e-01
5.421618068061625495e-01
5.116730417072050674e-01
4.914387286784261955e-01
4.729627543946552937e-01
4.610090384049972401e-01
4.499922660497225890e-01
4.392135642815782615e-01
4.453071183111474429e-01
4.458430153515757222e-01
4.280841580445733929e-01
4.434842341545146560e-01
4.441456982403031439e-01
4.091325393171015290e-01
4.354133270269605060e-01
4.384463797124958373e-01
3.927936528759592982e-01
4.347637542865937510e-01
4.457166948285329888e-01
4.055489898037636376e-01
4.683500919335204515e-01
4.765182114781402745e-01
4.329165430324062869e-01
4.930046455649478854e-01
4.559372199689056271e-01
5.011020369609446856e-01
5.090740358423130330e-01
4.771426719039560393e-01
5.179297737623478337e-01
5.201173118159522213e-01
5.111431474593052249e-01
5.456667647170153623e-01
5.591620307243676535e-01
5.649097737432333677e-01
5.728124310355773297e-01
5.836160502041535247e-01
6.024085008359622018e-01
6.124506402551010975e-01
6.190472918224018128e-01
6.196622247914261861e-01
6.220213864591779274e-01
6.330191769629651688e-01
6.522223889676198594e-01
6.717148906939311992e-01
6.850928803528479882e-01
6.911216916335554128e-01
7.025594822813125973e-01
7.139752366943512563e-01
7.260853165780777330e-01
7.400620184171901039e-01
7.545999712661655145e-01
7.759149860005013499e-01
7.926104348254529031e-01
8.039258471470547285e-01
8.217910968104054081e-01
8.332637555365025595e-01
8.548395636676859866e-01
8.753978503386740107e-01
8.846101677299887944e-01
8.942886479055446314e-01
8.982204752718392360e-01
9.009219902557179527e-01
9.061766953342778042e-01
9.124274346474662289e-01
9.175708147879497734e-01
9.235041048940852981e-01
9.259721934491147444e-01
9.206343107961034722e-01
9.192352704631824301e-01
9.198043425705580978e-01
9.153683655496548388e-01
9.164552102616727591e-01
9.082569016773651693e-01
9.119595310054996462e-01
9.108350149424200293e-01
9.108741535824704805e-01
9.135801987485941966e-01
9.054960022823290711e-01
9.050620920314271789e-01
8.979532523133216815e-01
8.979348572673643281e-01
8.959189209024346345e-01
8.972851767405585210e-01
8.991384124184412796e-01
8.973559036074232331e-01
8.889195532469412742e-01
8.879425356311363426e-01
8.898519567646845374e-01
8.890486098281398242e-01
8.882963229730636012e-01
8.836128264936329302e-01
8.838535430909439938e-01
8.757712622230726662e-01
8.753365696856618694e-01
8.733557530368712962e-01
8.695935243872492393e-01
8.657401688576047416e-01
8.687256142591698316e-01
8.668086895106307255e-01
8.652077895387390027e-01
8.636427992020878630e-01
8.575443991456984660e-01
8.473063630073407460e-01
8.276005545581973655e-01
8.099223188512865157e-01
7.937225647393448824e-01
7.706091424474619256e-01
7.513327997101980626e-01
7.290178040344073018e-01
7.075953085894273187e-01
6.846774405322069157e-01
6.572042405347576777e-01
6.329729115175357634e-01
6.143838242252070980e-01
5.941135481923615069e-01
5.972072375173717029e-01
5.943024050889033072e-01
5.931578360546440054e-01
5.885177530677770941e-01
5.851599699825805745e-01
5.800165931705822953e-01
5.788381129659609936e-01
5.790186241582132576e-01
5.787567888303202235e-01
5.853543123994787711e-01
5.912897647969476145e-01
5.965368340510811551e-01
6.055965932077930214e-01
6.114063191635963346e-01
6.159975529943647610e-01
6.230332888140969194e-01
6.319859211828885437e-01
6.406600065603922367e-01
6.549665704864725546e-01
6.696260744790173414e-01
6.784037953489165940e-01
7.042507489422258349e-01
7.156439353037866713e-01
7.221282812458882372e-01
7.266573060786366556e-01
7.314044612734144080e-01
7.571834657092212373e-01
7.934581930566272367e-01
8.151646098462935752e-01
8.180672974153340160e-01
8.152643423192846850e-01
8.244773825908844334e-01
8.451992916823781732e-01
8.724992212270193948e-01
8.974931493286978368e-01
9.059269149277713318e-01
9.031422303095117954e-01
9.129068994756666111e-01
9.280235473699639526e-01
9.534374483142797896e-01
9.743566658620067544e-01
9.785028162499463944e-01
9.769338233284370343e-01
9.769049099737824315e-01
9.840669646847666208e-01
9.922880470151653753e-01
9.954021150572817112e-01
9.954922925891023233e-01
9.994959943273529213e-01
1.001208028684439810e+00
9.991305987608752881e-01
9.886149295531793113e-01
9.865129920323267854e-01
9.894680242632876155e-01
9.944012179913768179e-01
9.937163334375432866e-01
9.829606187270304440e-01
9.735101035115976131e-01
9.690784845640618705e-01
9.713562666810244828e-01
9.685511341764997395e-01
9.707616247133290521e-01
9.719903036531116758e-01
9.682511510280922273e-01
9.691874928022197189e-01
9.591321035597429878e-01
9.511163340228746543e-01
9.517243164561394186e-01
9.549073730805570648e-01
9.589323446552958652e-01
9.553210078108997916e-01
9.493142587556309131e-01
9.483172665128459800e-01
9.419712687750596558e-01
9.361883437747069436e-01
9.353053535623628845e-01
9.304578283401496730e-01
9.246583939127265284e-01
9.202772457149691610e-01
9.203164016717373386e-01
9.196411947689727695e-01
9.178589883584664655e-01
9.040957820785581189e-01
8.922655039236538910e-01
8.826615534269770524e-01
8.684805351661457617e-01
8.543294196187288803e-01
8.460359429660563313e-01
8.295257736319632258e-01
8.007357046823851965e-01
7.775104268337613700e-01
7.593339869327984104e-01
7.491375876786867671e-01
7.361070788100528839e-01
7.028425296141339595e-01
6.771753289830563238e-01
6.498481242480957931e-01
6.335295000136790255e-01
6.198634153147097869e-01
6.116821144278896671e-01
5.951342724441996967e-01
5.840446901535659707e-01
5.663076813339865678e-01
5.573427112634424807e-01
5.474907792629738479e-01
5.404706482432142245e-01
5.394368039003254456e-01
5.288730250968481927e-01
5.343881586906863435e-01
5.297975686622586888e-01
5.209657456022614985e-01
5.213517796309329322e-01
5.173322256000925101e-01
5.158103121714586736e-01
5.093717437794252900e-01
5.042322037929951595e-01
5.256158058561832824e-01
5.062066692387312550e-01
5.055757405201172228e-01
5.511291933318879233e-01
5.173026095522432755e-01
5.745403620817042256e-01
5.249059202182823070e-01
5.325111093933705408e-01
6.026708548460091297e-01
5.529197657765174689e-01
5.665096753261124052e-01
6.182619296466901337e-01
5.905775316756395332e-01
6.226395035533468514e-01
6.216297463860042116e-01
6.371375677288347861e-01
6.465066633270198926e-01
6.475253170461404695e-01
6.609359678243094116e-01
6.656960009582333360e-01
6.814112934807388111e-01
6.995829161183723111e-01
7.113980739476494231e-01
7.209344459908860747e-01
7.356517366079353692e-01
7.483670424502669727e-01
7.599101796528969777e-01
7.766125574203457393e-01
7.896398078917274965e-01
8.060237936604478515e-01
8.178904408846930929e-01
8.288068071400347403e-01
8.331062997163969364e-01
8.460140191361158468e-01
8.568111459804037544e-01
8.735984743415120546e-01
8.888669738048470270e-01
9.006591193902568904e-01
9.096402184285029557e-01
9.119591865208361847e-01
9.240591653954982609e-01
9.257794653380694294e-01
9.338185693722518277e-01
9.351225018879073536e-01
9.379993544083241597e-01
9.381550478128339865e-01
9.293282081550111595e-01
9.269535361470476742e-01
9.372391070344504582e-01
9.298054329531667550e-01
9.426824187133552302e-01
