9.619285173611873407e-01
9.633222064910503812e-01
9.637507278807759814e-01
9.608741434189527197e-01
9.586644112969322507e-01
9.327495852464440240e-01
9.375401440900827943e-01
9.299766307863179815e-01
9.294742793439711992e-01
9.305000945177911431e-01
9.231635046046752224e-01
9.507471739223890550e-01
8.841630200707009113e-01
9.101326186553037045e-01
9.085815838010795620e-01
9.044125165324173876e-01
9.009687140252797821e-01
8.970757307862101682e-01
8.919479043200574386e-01
8.922075227321530910e-01
8.876407841549661670e-01
8.808921751477731821e-01
8.743272627975026134e-01
8.692220960245906625e-01
8.632163517654831697e-01
8.570939144671378962e-01
8.579067438428013004e-01
8.269449983481532707e-01
8.242864611741831382e-01
8.144691622435273892e-01
7.969191182044024213e-01
7.929516088788962636e-01
7.854914479890772183e-01
7.722924971976459219e-01
7.670473857870635515e-01
7.605231312303885050e-01
7.446474205007721503e-01
7.381699231326825927e-01
7.283792849970970318e-01
7.423657982391191901e-01
6.907153129170342520e-01
6.935586554776099755e-01
6.886224357802054330e-01
6.770153107528954495e-01
6.631464141445337912e-01
6.531168938398055346e-01
6.377099019356295972e-01
6.375201773410478223e-01
6.501202628231627090e-01
6.059370048913086393e-01
5.992864195976776998e-01
5.851579328403948566e-01
5.687875614157138493e-01
5.483025297690339306e-01
5.271288616268737792e-01
5.075826958076254947e-01
4.834557430900856545e-01
4.640411311381114623e-01
4.395613001313750101e-01
4.219109099347603253e-01
3.975865763405904141e-01
3.724799380100892177e-01
3.633343163196056658e-01
3.116196354855140238e-01
2.991795100870534574e-01
2.760045607497023656e-01
2.678474431917770571e-01
2.616277752053569605e-01
2.598420613749765629e-01
2.580681424072414076e-01
2.670837121183781693e-01
2.418906149943691741e-01
2.518724560412213820e-01
2.558764813653278680e-01
2.395529049615726658e-01
2.492284575223441823e-01
2.499092079518573928e-01
2.553226282762934285e-01
2.577856191155939447e-01
2.640917347223563083e-01
2.565274991593879395e-01
2.613567965280052530e-01
2.674535071030690880e-01
2.674094551824033883e-01
2.728142156777519922e-01
2.879910029244024394e-01
3.008694540743669377e-01
3.039456063521325246e-01
3.267152060011165315e-01
3.427857912347473390e-01
3.597988286113213974e-01
3.892408810141820830e-01
3.994293271861791839e-01
4.098931373145074386e-01
4.279673337055960869e-01
4.394132589511794973e-01
4.577272369422694109e-01
4.635884215581344003e-01
4.742917878526686226e-01
4.895457206809243345e-01
5.068060094406104943e-01
5.265946130219765209e-01
5.160114310773039614e-01
5.341676780000793601e-01
5.534358585044554246e-01
5.668083467205372594e-01
5.783931854084940483e-01
5.833006833188322249e-01
6.061233860224738423e-01
6.018819784143832896e-01
6.204606740635705275e-01
6.316873459081592257e-01
6.400783083632589632e-01
6.549851526250203282e-01
6.629981869254907290e-01
6.823308463585805450e-01
6.878118089232330146e-01
6.921391437716838402e-01
6.978252001175903052e-01
7.040295008003847332e-01
7.218482830458005095e-01
7.389718653721552011e-01
7.390679779665947358e-01
7.365086247489215365e-01
7.277923983936992469e-01
7.305967674450003502e-01
7.379697033817298468e-01
7.310516847612255065e-01
7.437734461113791884e-01
7.405019262846110895e-01
7.252021898193861116e-01
7.350984505670349334e-01
7.390258105772055108e-01
7.415991626663986924e-01
7.362540300067518251e-01
7.368409197759968610e-01
7.359160553776772362e-01
7.410704681431087293e-01
7.425750914777831113e-01
7.401560988209230363e-01
7.441277628397909849e-01
7.452795137487373545e-01
7.496285213159563643e-01
7.462958107246094874e-01
7.579666141581986594e-01
7.557863156804944804e-01
7.568601927187450507e-01
7.641789617006491397e-01
7.677797982524026121e-01
7.757752849374316417e-01
7.796805141374503201e-01
7.809392493228060061e-01
7.883447704025471348e-01
7.951719643326700115e-01
8.120860428167032685e-01
7.812732633520395042e-01
7.961969321950745915e-01
8.097865709723195415e-01
8.229568067782960794e-01
8.011457811913492710e-01
8.225166380210865436e-01
8.237704911754565318e-01
8.273976598536757487e-01
8.229199900006853863e-01
8.336617751097207263e-01
7.969661103565655047e-01
8.011965906952021044e-01
7.959862168510756231e-01
7.762134533641417145e-01
7.815461134725956160e-01
7.897342837613747779e-01
7.592024262867000939e-01
7.643720137837018980e-01
7.569018114854000334e-01
7.402312946824517459e-01
7.300764443437441908e-01
7.192896911025089546e-01
7.093191039815448518e-01
6.950362643124202711e-01
6.916199011469896796e-01
6.847236075832645597e-01
6.769996030636111772e-01
6.686236673292632604e-01
6.542318726388739458e-01
6.451250220825792692e-01
6.368974544649296243e-01
6.405254759646129559e-01
5.897305584239408427e-01
6.192015856067681900e-01
5.938316510794554581e-01
5.938015270409446877e-01
5.811488062355603113e-01
5.633328243942586910e-01
5.565070363546260612e-01
5.526556031888004705e-01
5.483350484581180906e-01
5.476008215442822458e-01
5.545877768378779660e-01
5.513173553913708336e-01
5.544551947184285234e-01
5.592563082807179287e-01
5.651686307179526469e-01
5.611034720099354889e-01
5.730852198654020624e-01
5.929146398863354150e-01
5.769022424559946405e-01
5.830096781026669062e-01
6.139597947063666350e-01
5.893789661947183012e-01
6.287981298525366913e-01
6.224537998046615339e-01
6.354092870558266659e-01
6.440120460344190834e-01
6.642646481203897668e-01
6.774320012484160713e-01
7.006011786853144629e-01
7.095116175159137395e-01
7.237948292760196800e-01
7.364621444937358152e-01
7.549991127693236326e-01
7.562026802975194695e-01
7.823206854904481977e-01
7.783397628297348270e-01
7.810667525311577597e-01
7.747465421668124907e-01
7.861574610648106587e-01
7.796467686948462816e-01
7.699073740961347445e-01
7.642357935183945461e-01
7.528934969661513765e-01
7.563812609154311195e-01
7.249544893805951462e-01
7.366887703503532947e-01
7.378188022608721530e-01
7.052718077644291039e-01
7.244610701087151883e-01
6.709481721651862074e-01
6.780483188311983156e-01
6.736939234941043964e-01
6.628738511796853361e-01
6.551140934301585839e-01
6.465691505423009078e-01
6.330437415402282442e-01
6.182562751091149611e-01
6.172330595754479399e-01
6.061757318051278487e-01
6.004307633072033523e-01
5.901393571090222112e-01
5.861499053616613386e-01
5.798902101493199623e-01
5.784618259699115805e-01
5.799518221711041921e-01
5.764242149906289026e-01
5.650006759690133773e-01
5.778299755614467736e-01
5.696501687544800463e-01
5.782585389962704436e-01
5.886610771077408488e-01
6.027986493989931915e-01
6.132387421560047125e-01
6.240793176737653436e-01
6.314555846299875208e-01
6.314582285807210926e-01
6.462280396814908956e-01
6.570515735925878120e-01
6.785110191805261426e-01
6.939634485256006569e-01
7.074132831482661254e-01
7.229479228558424175e-01
7.334801636676127057e-01
7.433236339666854375e-01
7.505184397086751558e-01
7.671329933631230169e-01
7.821260462044518080e-01
7.963309738066589594e-01
8.081846085126607182e-01
8.379572485050821307e-01
8.085255338441091899e-01
8.537752434331652429e-01
8.596604920912408465e-01
8.511165465829368948e-01
8.661623219590294243e-01
8.647036495776150300e-01
8.944860454224199398e-01
8.697581593156989976e-01
8.920772760403391510e-01
9.010941682834190392e-01
9.041585853882381230e-01
9.012467267090052969e-01
9.042054489528378314e-01
8.967442851022069394e-01
9.185588203223332693e-01
8.965442920922727099e-01
9.223064016442299451e-01
9.279690104889410929e-01
9.259755888135136059e-01
9.274076652108482754e-01
9.292960386926568672e-01
9.403836378035128618e-01
9.408815433850100662e-01
9.606698019312090997e-01
9.239839141256942501e-01
9.436419170601221262e-01
9.450451627039747615e-01
9.510132613328405871e-01
9.664559670628544152e-01
9.241761098176124456e-01
9.362761086779726183e-01
9.537939015068838122e-01
9.399026731720382388e-01
9.306992270988023730e-01
9.335804972231890320e-01
9.175076790027300033e-01
9.131389315651669003e-01
9.208008667107240308e-01
9.350520252905865082e-01
9.087626039416171198e-01
9.327430403011324200e-01
8.912032343969999992e-01
9.066488707115545331e-01
9.172999389402648474e-01
8.977686029937359535e-01
8.845609945831597321e-01
8.968740094548540709e-01
9.008353925678878049e-01
9.058692309504365880e-01
8.980379583513276032e-01
9.054927153518195215e-01
9.036109455479122143e-01
9.210314116966228370e-01
9.171505620412967463e-01
9.334149263275439701e-01
9.318686870908591269e-01
9.364710970229266351e-01
9.431900751325424936e-01
9.578895397468328854e-01
9.175722109561669226e-01
9.289239203148278445e-01
9.711380650589263031e-01
9.309164812091489383e-01
9.210874403342539374e-01
9.262884377763640487e-01
9.280422012244752272e-01
9.169566856538245991e-01
9.043548849828965119e-01
8.968776696264669779e-01
8.802662527036887452e-01
8.945003704759824092e-01
8.498407413756745576e-01
8.446168628725732042e-01
8.501965696929955074e-01
8.451813205714067134e-01
8.320181015193307550e-01
8.189181047541361780e-01
8.083863447886975306e-01
7.951455045687149115e-01
7.869826424940439269e-01
7.959303933820301991e-01
7.647177114124023012e-01
7.835523359062648296e-01
7.683619119217429683e-01
7.508242712121190321e-01
7.397856469365654553e-01
7.347657526639763681e-01
7.258363669544404262e-01
7.160647031256741624e-01
7.018307493040335521e-01
7.019193795028186855e-01
6.868860661955000779e-01
6.748755639020472819e-01
6.679092076658020849e-01
6.597499507440843791e-01
6.582002363481121998e-01
6.563155727027324415e-01
6.666700124373388103e-01
6.682666034385943421e-01
6.775812082965797511e-01
6.826823391884994097e-01
6.891411460067916606e-01
6.922728739587211688e-01
6.990212175584968879e-01
7.057931543116335860e-01
7.171693638460251430e-01
7.299088762548867626e-01
7.341105834414770603e-01
7.486731023034921551e-01
7.601980332257464168e-01
7.716875382892011137e-01
7.853507250755713542e-01
8.128639543483221486e-01
8.016299932717131371e-01
8.210622307364353611e-01
8.320617984476182949e-01
8.319418836479082202e-01
8.214263139088655574e-01
8.494761826896830570e-01
8.736780060482461918e-01
8.926256064842221782e-01
9.125979782476681956e-01
8.817438707382544427e-01
8.767587974998330980e-01
9.250078902165428385e-01
8.958271956037229256e-01
9.181552516218659532e-01
9.177284741999992557e-01
9.233856171084771081e-01
9.317391676257912314e-01
9.399117693851326560e-01
9.474941037879370809e-01
9.526537275260359428e-01
9.527153425739527393e-01
9.601550454676015534e-01
9.621135964442862898e-01
9.606199728388260528e-01
9.572229783716936780e-01
9.564599394691768453e-01
9.565257279640585475e-01
9.640646391051853614e-01
9.547964293089292731e-01
9.541534710041456036e-01
9.585814980401744512e-01
9.615637364848769186e-01
9.319700798057243274e-01
9.439165768676551771e-01
9.740627733662012844e-01
9.199896410549205372e-01
9.616967670112336330e-01
9.258599993348874957e-01
9.366990253158417046e-01
9.410696924993511292e-01
9.424008331109489101e-01
9.512102593529552230e-01
9.459888872186866804e-01
9.344621710721494612e-01
9.379010879326913352e-01
9.466767612362446682e-01
9.287605990133837031e-01
9.282413816284902364e-01
9.227129773169078231e-01
9.299987481898306374e-01
9.309178246794101996e-01
9.308271799438151417e-01
9.268487239008940115e-01
9.192470099740203127e-01
9.195458622136555293e-01
9.108787596803112896e-01
9.054608103570610522e-01
9.141377797942247252e-01
9.105755337394673132e-01
9.055129277335344229e-01
8.933225008528205002e-01
8.875281709350791859e-01
8.999964310529104949e-01
9.035280404859891146e-01
9.010033231101692852e-01
8.963084087336472550e-01
8.867410826133028667e-01
8.863538250150487796e-01
8.865521225314060283e-01
8.823477724286322710e-01
8.747983539054616786e-01
8.727974163188346735e-01
8.703148535315818890e-01
8.754768297399859733e-01
8.759779320492062649e-01
8.718110898334668901e-01
8.686401907666289057e-01
8.626616966464878411e-01
8.669835570531637670e-01
8.683296344795232713e-01
8.682485555725273363e-01
8.644159604444791034e-01
8.652581465221084178e-01
8.601529124878074528e-01
8.572244495604460779e-01
8.540118022847003054e-01
8.484166536748533050e-01
8.527029251651253583e-01
8.078850347856950664e-01
8.195748068699245659e-01
8.093679563660244325e-01
8.077278417181782411e-01
7.864958864265437777e-01
7.789529841984773606e-01
7.660538973619139824e-01
7.553926041264841240e-01
7.455257474702584597e-01
7.431040584472743404e-01
7.217671705251454961e-01
7.172776927052872953e-01
6.898762029302831777e-01
6.775655490682698234e-01
6.671578042115868801e-01
6.560544274056590019e-01
6.432927196422263405e-01
6.305816292484119900e-01
6.196814069213321119e-01
6.057031451954014711e-01
6.037473289290044010e-01
5.683413795391797363e-01
5.795106939142414815e-01
5.647386158858320737e-01
5.542578102441062526e-01
5.423132830094975487e-01
5.329587333815092309e-01
5.244714457639644278e-01
5.144557216320544413e-01
5.033105642954962544e-01
4.982697210277678423e-01
4.888923072526933367e-01
4.918721293804602102e-01
4.898381796596317783e-01
4.972649077856212130e-01
5.020371357639950016e-01
5.065745672161287017e-01
5.119351091526677111e-01
5.153094639377031605e-01
5.245334546801064812e-01
5.314960105671475699e-01
5.474493200707202245e-01
5.590471578490252558e-01
5.712428298593126286e-01
5.849438404783043888e-01
5.903065674326629653e-01
5.961031023269686147e-01
6.058703681166800470e-01
6.243780472144632165e-01
6.333483739712474359e-01
6.472122228924489518e-01
6.568897465434715421e-01
6.671410100785125641e-01
6.750475085350414739e-01
6.876161995072296307e-01
7.050597208044083741e-01
7.043652857184202754e-01
7.146846107639163170e-01
7.228906792932167091e-01
7.279229401987336034e-01
7.411043410699380551e-01
7.541741941975628194e-01
7.643385488498238844e-01
7.712951465943056473e-01
7.766693898995689072e-01
7.829480293332501395e-01
7.925239087835134200e-01
8.026643253311364079e-01
8.124684913692730159e-01
8.157177836067354137e-01
8.308343148401741152e-01
8.299258524134873749e-01
8.434717408137276662e-01
8.504055651927131532e-01
8.573493694178738744e-01
8.627516514648184698e-01
8.721195661130936028e-01
8.850689631092231169e-01
8.850710428278305564e-01
8.926469736190159043e-01
9.012702282896154493e-01
9.025541748992942370e-01
9.082969472610363804e-01
9.096589706679045761e-01
9.168902593308658755e-01
9.185842851501772044e-01
9.209792722203544724e-01
9.233219457310275491e-01
9.242933887002637849e-01
9.219785424458105672e-01
9.257286385786441807e-01
9.224501087282487299e-01
9.199366042969927548e-01
9.172544557937690746e-01
9.115356744059868177e-01
9.133106821701053590e-01
9.129410614720936401e-01
9.132041315117118696e-01
9.116522602172819623e-01
9.128755243295330057e-01
9.051466833074148788e-01
9.024182700270788615e-01
9.024636162347474677e-01
9.059316235166225972e-01
9.085293976850632447e-01
9.005025340567901493e-01
9.011142107233874876e-01
9.010904547072748905e-01
9.056438084865200411e-01
9.042658063081894237e-01
9.057264890826517423e-01
9.053474162778736289e-01
9.102044175911868651e-01
9.090431809797158147e-01
9.111529489971406104e-01
9.123688041029610618e-01
9.178608445931131232e-01
9.137432253712399755e-01
9.129599622195094799e-01
9.118697620977691543e-01
9.118697879959455355e-01
9.115389457801353901e-01
9.115267684501081602e-01
9.087118490491503664e-01
9.117366198726025717e-01
9.014343041009426072e-01
9.064875448895558518e-01
9.030117982481034034e-01
9.037238678112149426e-01
9.056097300441142695e-01
9.049597013687922242e-01
9.109049004350100454e-01
9.126096024288680164e-01
9.164406658890990043e-01
9.153112928368107859e-01
9.196451844189790226e-01
9.141072635804836644e-01
9.100133436852226865e-01
8.983417772208414087e-01
8.990184663719159586e-01
8.901745049232142604e-01
8.843111491494891618e-01
8.876479966067908345e-01
8.883146660872074385e-01
8.812261555151610359e-01
8.757604551669084803e-01
8.649599307528771375e-01
8.654633267948010911e-01
8.654447433717740168e-01
8.587771247690105803e-01
8.602359829547309156e-01
8.441917831014483786e-01
8.403485180305975133e-01
8.365025537881493056e-01
8.358177913176714213e-01
8.455842327407661063e-01
8.441651069553040010e-01
8.360564274940542884e-01
8.299704760635266965e-01
8.343709866224593430e-01
8.494908339836806377e-01
8.540415677367229064e-01
8.574727655386854552e-01
8.607608176468782846e-01
8.844306590577212246e-01
8.616832506402362091e-01
9.206690956391367919e-01
8.634394235819417007e-01
8.980481200324650359e-01
9.017398081172969260e-01
9.115988608321589082e-01
9.031026859698921827e-01
9.075048740029387773e-01
9.062814210587787356e-01
9.096851535162338021e-01
9.139496238436348730e-01
9.072757773160161632e-01
9.054428452158665985e-01
8.984103742026944284e-01
9.021603271255224099e-01
9.043687909871884756e-01
8.906589527497281722e-01
8.875214321017612651e-01
8.723268799027106279e-01
8.673173152136574027e-01
8.558311744271126509e-01
8.559422857302503296e-01
8.345281374222951465e-01
8.263890818778486524e-01
8.136325671085684608e-01
8.041180818306227218e-01
7.922346194419460641e-01
7.934617398231859076e-01
7.869350307552915869e-01
7.850877770713419190e-01
7.821359310503367412e-01
7.737357823236247212e-01
7.623358616783475483e-01
7.602624072102366348e-01
7.637037257174420501e-01
7.605579202727752453e-01
7.552616598098599310e-01
7.752001428304793329e-01
7.472533234642487754e-01
7.646783748342452780e-01
7.705316702099210824e-01
7.727641151799025110e-01
7.719666971571114145e-01
7.562904060143160745e-01
7.389460247255758008e-01
7.436733131538333375e-01
7.358650773774948473e-01
7.122068489184922857e-01
7.030455926312643156e-01
7.001631987040165539e-01
6.940332148751556796e-01
6.668623308862495769e-01
6.693111135238670739e-01
6.738689969081973485e-01
6.234085480876416785e-01
6.344498773141736825e-01
6.386913926192927526e-01
5.953749967156986012e-01
6.156490676681889429e-01
5.679096480934328062e-01
5.777143715364186916e-01
5.645809786439119904e-01
5.555402214939841876e-01
5.462012668342380861e-01
5.325127514156445807e-01
5.239805385963718365e-01
5.016122343632992697e-01
4.965163881053140660e-01
4.908690777114945170e-01
4.715760729338793755e-01
4.643944746697881154e-01
4.517526059331081201e-01
4.409016463634378713e-01
4.335287915979080253e-01
4.039317477144485635e-01
3.975454839695721776e-01
3.861370874419773891e-01
3.694166035216004951e-01
3.695410143431758776e-01
3.519201087245898418e-01
3.399858690790054649e-01
3.287876008842050002e-01
3.191349107870621871e-01
3.095347404640797495e-01
2.982080285253438379e-01
2.953158480849961687e-01
2.926161646172809605e-01
2.885272245773751187e-01
2.881099022285743549e-01
2.836804592353604493e-01
2.808638062418449821e-01
2.799500296437117397e-01
2.804372505262782700e-01
2.806232312958443775e-01
2.838511823416592916e-01
2.843089998220458825e-01
2.976735342446610866e-01
2.960446992648115838e-01
3.004754253803220143e-01
3.114997630939331796e-01
3.198552225130764648e-01
3.245818309762359966e-01
3.144421113564877523e-01
3.233894613629234027e-01
3.231813920405406382e-01
3.089240746949437622e-01
3.094262869010975248e-01
3.034429422167139179e-01
2.936039184611086705e-01
2.843741721645137166e-01
2.705946577834996147e-01
2.690531562657214049e-01
2.321487367933194601e-01
2.901774701183010285e-01
2.688930199563511758e-01
2.714757483620828804e-01
2.655357495016033020e-01
2.835218515568367903e-01
2.859747767431740639e-01
2.774130751663142491e-01
2.869848683396532540e-01
2.872924867076500077e-01
2.730700739622565765e-01
2.753029109421605281e-01
2.506378762274120708e-01
2.494653115279205913e-01
2.496652156989910831e-01
2.292700317516015163e-01
2.195120170466344223e-01
2.192415087653274419e-01
1.997896285381154102e-01
1.796590848135478091e-01
1.802782052770761367e-01
1.775773762024429603e-01
1.466177491951069500e-01
1.441994995658831269e-01
1.313173635659200811e-01
1.263328324811314185e-01
1.218182023913930018e-01
1.277599475214817037e-01
1.078947362478273608e-01
9.987002103029130051e-02
1.011596139627834595e-01
9.495735924086211310e-02
8.943168817570651408e-02
8.413476898942018334e-02
7.617510730663218377e-02
6.610799458573965448e-02
6.475824156024483080e-02
5.599698584626668085e-02
5.562302159448703764e-02
5.505082286931912983e-02
5.434381690295822520e-02
4.911876409381165515e-02
4.495433719220504054e-02
4.177583171752421304e-02
3.940031756478419578e-02
