1.310770217779613889e+00
1.314871993445717147e+00
1.316599391530075769e+00
1.319467451872258446e+00
1.320726375739202485e+00
1.327227539321768734e+00
1.330286030727668711e+00
1.330776231518119301e+00
1.334700527446571305e+00
1.337890308351872282e+00
1.338547756315146664e+00
1.350362536547987657e+00
1.351689573507408593e+00
1.352589459420997953e+00
1.352114136998716409e+00
1.354768955975132361e+00
1.364799530637119451e+00
1.366587032806426905e+00
1.376756726172463141e+00
1.371751267478535929e+00
1.374626962076132441e+00
1.375595670090462352e+00
1.379971629037607839e+00
1.385712360294254930e+00
1.382758806776759331e+00
1.393373467939998056e+00
1.397416633402549735e+00
1.398231727855880235e+00
1.395876798988364698e+00
1.402952780304463909e+00
1.406889419681005116e+00
1.407776245805815174e+00
1.409838144982572539e+00
1.413226095019816331e+00
1.415944673977966195e+00
1.422775269888465033e+00
1.422715852963166050e+00
1.426285959337881382e+00
1.428978741773238470e+00
1.427648272386412120e+00
1.432105995419265643e+00
1.429049507054073409e+00
1.428263110816321291e+00
1.429669492553563348e+00
1.424917401690301011e+00
1.424222536710817666e+00
1.420036890891400949e+00
1.417696747550878156e+00
1.413864547319995779e+00
1.413087704136218425e+00
1.414258083873678462e+00
1.409950874816105371e+00
1.400210111138791236e+00
1.402704651813013292e+00
1.402268961193542163e+00
1.396444237473565719e+00
1.394315869985062406e+00
1.390618616680916020e+00
1.385669032819980551e+00
1.386409939245254908e+00
1.386631132255578436e+00
1.382121128755992467e+00
1.384804084507125888e+00
1.379105470961708324e+00
1.377459028493941195e+00
1.369068182946090451e+00
1.366271652716108731e+00
1.362335300171226837e+00
1.357737143647648859e+00
1.353381042135360923e+00
1.351940172898109527e+00
1.350032011792802855e+00
1.345355991722210653e+00
1.345425501300486104e+00
1.340750218337966260e+00
1.338890318441563476e+00
1.336449290769173404e+00
1.344867853392230916e+00
1.341396045375675472e+00
1.338639211927838080e+00
1.332363221932091335e+00
1.328756434517296636e+00
1.323776712877079431e+00
1.331687702309485966e+00
1.333044297465779460e+00
1.334515584256851239e+00
1.333976915045604450e+00
1.343358914562149620e+00
1.364409493835679443e+00
1.356140727920428279e+00
1.359651638724717726e+00
1.353850399737567489e+00
1.355998811456055941e+00
1.357485111916534093e+00
1.357849456008744848e+00
1.348962812863066851e+00
1.354301164627300214e+00
1.352159158671199402e+00
1.353664788156915266e+00
1.346290588782931064e+00
1.352101275781735668e+00
1.350467850457263808e+00
1.350709996757504028e+00
1.349573836735366683e+00
1.347949255520823453e+00
1.348188457306173982e+00
1.343673252244810712e+00
1.353192381167231284e+00
1.349458625773169551e+00
1.345429320748323443e+00
1.343902823748922559e+00
1.346180952483890803e+00
1.347351044390764807e+00
1.348924859422062195e+00
1.350251991710837762e+00
1.349239717028546615e+00
1.346911682700316470e+00
1.350652202147204051e+00
1.350010746344074697e+00
1.350980408490887408e+00
1.351426476743888605e+00
1.358556904383962927e+00
1.361296652191731793e+00
1.360440173846022116e+00
1.359886201316661714e+00
1.364708889764798316e+00
1.369181104523757853e+00
1.376577094634840348e+00
1.379808408442362966e+00
1.376732710665778514e+00
1.375662659883092775e+00
1.381441166540273713e+00
1.379567309839790923e+00
1.388653766964242031e+00
1.394355845615770084e+00
1.395698368618381702e+00
1.399669352144640389e+00
1.401809798968202569e+00
1.404778566173734200e+00
1.408297639756914243e+00
1.408834789791260533e+00
1.418786054690308163e+00
1.419826135853124116e+00
1.422268090235271121e+00
1.420633128894182251e+00
1.424130158526890177e+00
1.433869707188462295e+00
1.438163684711728729e+00
1.437916658472826681e+00
1.438100934696704414e+00
1.448115131896415164e+00
1.449771022440552892e+00
1.455489438171186256e+00
1.462117562261796344e+00
1.460778674003938571e+00
1.469354568634894775e+00
1.472546019567938735e+00
1.475349598088845582e+00
1.480721596505015336e+00
1.477662072463975296e+00
1.486483224707652928e+00
1.484380385795323276e+00
1.489779423904822986e+00
1.490437576029721489e+00
1.491423668045035678e+00
1.491143375453169551e+00
1.494493501601779961e+00
1.496926303766541455e+00
1.495974117338797704e+00
1.501558445322693336e+00
1.505982738126654841e+00
1.505666834491403705e+00
1.510741190561104563e+00
1.511192418742865362e+00
1.516438356812948696e+00
1.515008884675097756e+00
1.521342606502343875e+00
1.524852812605808072e+00
1.520730311429868253e+00
1.528474251737502065e+00
1.527894991017574089e+00
1.533098019322145289e+00
1.531671833139296890e+00
1.534735781005543753e+00
1.538437108757437999e+00
1.539334448695703461e+00
1.535109788016578269e+00
1.538102125386964225e+00
1.538481624595755104e+00
1.546240084729251008e+00
1.541429685038099962e+00
1.540031816432689826e+00
1.539956088548776636e+00
1.541933218524500937e+00
1.547016090663574150e+00
1.542756122672330088e+00
1.547181093154312626e+00
1.542306166743953710e+00
1.550759728825719774e+00
1.551204832019297486e+00
1.554521030796605530e+00
1.551111417258549618e+00
1.545391898961772981e+00
1.555048581174973465e+00
1.554241941932633875e+00
1.557151329616071722e+00
1.559324388807143746e+00
1.562885913982469122e+00
1.569616761043378883e+00
1.572138194498478247e+00
1.578234214600742646e+00
1.586848815172741567e+00
1.584743133347457533e+00
1.592324103854951156e+00
1.596841162487271593e+00
1.599552128041313193e+00
1.603423470874033141e+00
1.607940715678221499e+00
1.614748057826461025e+00
1.612023866304153952e+00
1.624333662636906039e+00
1.627559783600569299e+00
1.629334732892696591e+00
1.628798864283550030e+00
1.630255330642053746e+00
1.632012361751060459e+00
1.626340540823197012e+00
1.628963993246135944e+00
1.630015509801817419e+00
1.627037652931970113e+00
1.627047712354681153e+00
1.618912665248400939e+00
1.620435375853970017e+00
1.613535927001812587e+00
1.607850017251206465e+00
1.611892375945584321e+00
1.608080749972459866e+00
1.617789236771191241e+00
1.606830520982341914e+00
1.599878762358620810e+00
1.603092825514021991e+00
1.599992787918878667e+00
1.598371020198589898e+00
1.595040561847391070e+00
1.598968770461258515e+00
1.591994021207353338e+00
1.593412564422967082e+00
1.591525360970605485e+00
1.591172965134886708e+00
1.591689896758199385e+00
1.585788291930769756e+00
1.598198520705114145e+00
1.597648317198741230e+00
1.597714006395171804e+00
1.606146516440069449e+00
1.589217224420200525e+00
1.640806562989884698e+00
1.610415831284110810e+00
1.556331727326976999e+00
1.606603250160846263e+00
1.606002263273080821e+00
1.614577467504194397e+00
1.613543768000093914e+00
1.621044034332053574e+00
1.610835747284784070e+00
1.617062857044947011e+00
1.618284364306270540e+00
1.620538059245280271e+00
1.630312470891541743e+00
1.622388285309556144e+00
