5.654466776642314008e-01
5.624024405334323573e-01
5.620113399401814869e-01
5.624000165886131608e-01
5.650003587921919035e-01
5.745226298024569411e-01
5.796426992203115303e-01
5.874219246498547653e-01
5.948624773803239396e-01
6.015207085946946419e-01
6.132107103749433463e-01
6.262472007368625748e-01
6.485480723729031283e-01
6.650452372085332575e-01
6.768487277906621857e-01
6.841828510366686489e-01
6.923143459966053515e-01
7.108762901555919500e-01
7.343665937598353732e-01
7.604242664632909765e-01
7.766410576440893054e-01
7.889750936354928967e-01
8.037668470266998710e-01
8.213879674841549905e-01
8.330392401292047166e-01
8.464074254105700135e-01
8.600655507883003814e-01
8.818065772991002804e-01
9.012147622272610459e-01
9.204373516210405670e-01
9.347572519105625810e-01
9.534316374510259928e-01
9.719695474043782424e-01
9.763682810457180450e-01
9.831706193945799477e-01
9.880053950028092613e-01
1.001714791154077577e+00
1.007881107460563586e+00
1.014892312429854782e+00
1.021576313642971412e+00
1.029113024916932906e+00
1.036595688813599869e+00
1.047619160641886316e+00
1.055604148402786713e+00
1.063500389088613440e+00
1.063353524015632434e+00
1.072010581297771381e+00
1.075647542204557050e+00
1.077117435480630547e+00
1.078107409921314819e+00
1.076184260651035896e+00
1.074840148453288124e+00
1.065684504662302690e+00
1.062749173753922527e+00
1.073392847571204234e+00
1.079167236479973813e+00
1.077178672371868595e+00
1.076572514261332714e+00
1.079249337856714286e+00
1.070872354867746123e+00
1.073757447572672108e+00
1.074550819278671243e+00
1.066927662046354808e+00
1.072204272779613055e+00
1.071688326737143093e+00
1.086889336810682227e+00
1.085866970166485368e+00
1.083257027462692035e+00
1.079297907541714396e+00
1.078062315057157328e+00
1.079444461352742080e+00
1.081821078443583772e+00
1.085077622575949530e+00
1.092489073030183055e+00
1.088964040304972514e+00
1.085697162224773304e+00
1.087874266490009623e+00
1.084089086610423580e+00
1.084212056101171218e+00
1.080090821317201799e+00
1.074736434282144160e+00
1.069622622067150752e+00
1.069220567911824293e+00
1.065802102495610804e+00
1.071445862925623826e+00
1.066506859007315011e+00
1.061499318097565592e+00
1.055424137583802935e+00
1.047806951230695116e+00
1.039624008124034438e+00
1.025632267242348794e+00
1.011538839822353486e+00
9.944162447484380385e-01
9.728418755563371656e-01
9.538106077456682819e-01
9.314042857209723358e-01
9.065574511024216964e-01
8.858309339665424442e-01
8.626230016432780978e-01
8.400839126679467972e-01
8.153122536552273036e-01
7.871275915693599634e-01
7.612316698194441233e-01
7.286481789284166011e-01
6.994109949893633216e-01
6.665454557228985832e-01
6.387283757896318193e-01
6.073690850657074147e-01
5.853785622155018853e-01
5.645078432750502140e-01
5.397905352598174611e-01
5.179405668160179665e-01
4.949711875607975542e-01
4.744191998751778883e-01
4.510726937775368928e-01
4.322191930864235920e-01
4.215786843840898523e-01
4.129236638240835755e-01
4.025212666145959184e-01
4.015319201738256072e-01
3.885034623319997271e-01
3.887692833198352349e-01
3.760697544775422063e-01
3.804884591133310123e-01
3.655046871890000881e-01
3.687958953291343711e-01
3.650026728074530769e-01
3.540303136265324224e-01
3.607661888910481673e-01
3.456436231232786760e-01
3.515824026378462919e-01
3.398982298512703837e-01
3.518210140133855579e-01
3.456180842856578783e-01
3.599959254362799510e-01
3.623721072571339796e-01
3.577639889345649582e-01
3.750804722498643495e-01
3.693647503258277176e-01
3.808131087481020915e-01
3.803429058416512576e-01
3.889915202953772577e-01
3.922231667093291074e-01
3.929951160053883341e-01
4.096033922101731672e-01
4.195571700000947923e-01
4.357209384018576603e-01
4.451873550116274281e-01
4.659390709488290816e-01
4.847748132249319886e-01
5.002211638226294887e-01
5.206255264517126724e-01
5.358574809387574023e-01
5.542516234943237752e-01
5.731261531120965813e-01
5.924288031862655624e-01
6.184947085395992028e-01
6.434952197899478366e-01
6.573898138924301193e-01
6.766708157661589507e-01
6.889827542895510248e-01
7.103088378004941417e-01
7.232674777213107253e-01
7.390181920275300520e-01
7.564312121158759394e-01
7.659274756090310721e-01
7.775491907551441706e-01
7.806242585316229832e-01
7.869377464258613397e-01
7.984607511459510532e-01
8.067284537114868259e-01
8.168645975288308936e-01
8.181327691648413447e-01
8.223316249100315334e-01
8.313749728701751440e-01
8.389059901190515367e-01
8.419319486166764177e-01
8.443633734054644124e-01
8.454879907090530056e-01
8.385948865992275403e-01
8.316459508091236241e-01
8.217086469283721994e-01
8.234369158813621414e-01
8.323734543175551615e-01
8.319992398720029714e-01
8.222008122972250810e-01
8.134535850656237077e-01
8.127676356628454890e-01
8.065695388799636323e-01
8.047607612202420935e-01
8.005363478708760194e-01
7.967776287593913986e-01
7.951180339328852709e-01
7.911217030542208040e-01
7.837870787522247529e-01
7.817790404700416529e-01
7.721988726664628100e-01
7.739324127788771435e-01
7.688512859595814097e-01
7.613039724938396313e-01
7.505290752067284021e-01
7.342590585619951371e-01
7.156253417188271904e-01
7.059467647196261408e-01
7.015442655088217627e-01
6.982381347150695694e-01
6.956486263258820912e-01
6.956207365748514615e-01
6.894355054597149923e-01
6.862954353305752431e-01
6.849305545661692474e-01
6.762785729958801229e-01
6.739559394018906913e-01
6.703727261099293733e-01
6.667248171218215225e-01
6.615556194033823667e-01
6.635467512165345028e-01
6.716613243437548064e-01
6.744111903511990080e-01
6.797171265746728697e-01
6.831974469153279106e-01
6.914367605841174047e-01
7.006988398254526684e-01
7.137691097403440210e-01
7.276323130169556341e-01
7.294646437105720693e-01
7.328213564189669516e-01
7.380810749740434051e-01
7.463394654271489070e-01
7.494994675722596034e-01
7.530645932017204780e-01
7.566523822807413868e-01
7.523485071774034250e-01
7.601613816538536073e-01
7.480845191833322971e-01
7.490583512290228674e-01
7.461221330211015301e-01
7.536304975409440221e-01
7.558343805301485085e-01
7.610221021789893570e-01
7.599904334804757911e-01
7.652745595366792219e-01
7.705209686311692563e-01
7.775217588123295442e-01
7.812242905049293640e-01
7.867526353391727234e-01
7.914348429192678003e-01
7.976442890417805298e-01
8.015419292315085764e-01
8.043606356938197699e-01
8.100023788333500230e-01
8.150986870796099737e-01
8.257253875268478760e-01
8.319370086997475155e-01
8.386698110326661348e-01
8.415012263458403474e-01
8.459015398760922899e-01
8.559842164384621199e-01
8.561600141529698282e-01
8.563584817815508288e-01
8.538367137574051080e-01
8.544338340939181542e-01
8.576724620581034353e-01
8.675322960786459037e-01
8.718003069250315207e-01
8.721694373399312417e-01
8.661343714572935504e-01
8.701423267697525610e-01
8.698025120059921234e-01
8.686374166702854893e-01
8.607509429929387501e-01
8.613725652071817507e-01
8.586729027544078852e-01
8.585839895133361432e-01
8.552504685250847949e-01
8.464805005275559679e-01
8.400000599973456161e-01
8.360499434839258059e-01
8.340056190189406582e-01
8.319643536112090176e-01
8.236702252516241440e-01
8.188350869893930017e-01
8.139280019195357374e-01
8.106958211156080063e-01
8.050963077240723687e-01
7.972335158410522871e-01
7.922181087701494206e-01
7.867084569244009451e-01
7.855545468794998820e-01
7.812159532424393094e-01
7.788164788329176025e-01
7.710555834260859331e-01
7.658519697366230616e-01
7.670068332895226826e-01
7.709657698273512105e-01
7.756731949643709267e-01
7.659415454689718628e-01
7.575644580432461250e-01
7.549843705048568943e-01
7.520239373278062578e-01
7.496601491805268136e-01
7.453957382362003115e-01
7.440759769521537725e-01
7.459932301862181037e-01
7.479766965853118510e-01
7.399706307294222629e-01
7.382268151809547874e-01
7.310101911056751112e-01
7.292429504036428423e-01
7.265392561930679172e-01
7.268582292693629432e-01
7.250082390904888374e-01
7.241905007186465459e-01
7.214706283172442891e-01
7.224329804085950490e-01
7.196737568914809424e-01
7.148282088264684697e-01
7.158184351128997758e-01
7.136747047512967956e-01
7.094466066734473886e-01
7.044835324032938662e-01
6.933072210691779702e-01
6.903334490479773322e-01
6.880554207246512011e-01
6.885174912750413601e-01
6.835830628928121211e-01
6.714091583811067077e-01
6.648116562590988821e-01
6.602447510043796264e-01
6.583575677164793527e-01
6.543459051617958044e-01
6.474773194747382998e-01
6.411880175256277070e-01
6.376268918828447152e-01
6.348780857644924502e-01
6.313958011008644622e-01
6.201475283467628996e-01
6.110292791014216851e-01
6.054658701876309834e-01
6.026335451141897614e-01
5.947295092728549504e-01
5.954292036889055062e-01
5.901272736325370305e-01
5.882926273188187061e-01
5.834519797905383109e-01
5.786692587286863532e-01
5.777221768968564541e-01
5.725441031516211865e-01
5.713777637103442109e-01
5.669938469686787164e-01
5.612285372199304900e-01
5.618391134018602129e-01
5.586817819153373499e-01
5.605506612349540063e-01
5.575237406694517617e-01
5.579538607943406170e-01
5.502862196229607594e-01
5.469892758839900448e-01
5.440731869929732456e-01
5.389062370942125924e-01
5.342504455871086577e-01
5.288141041007322629e-01
5.267290421801644751e-01
5.211929551527380022e-01
5.225174012111521993e-01
5.163211832175467197e-01
5.052307702210644402e-01
5.056363463090163268e-01
4.994519465893629273e-01
4.952159650104740463e-01
4.928221234114767979e-01
4.883054366851651840e-01
4.887138776169063781e-01
4.864308059038607301e-01
4.839156529064451706e-01
4.790252181101098405e-01
4.765859050251373685e-01
4.792015457888226249e-01
4.875557893092202222e-01
4.983265580088990787e-01
5.072399265218586750e-01
5.149216924102033577e-01
5.239489892513079505e-01
5.323570165992157488e-01
5.390341632806497918e-01
5.479214898119025845e-01
5.557115002001544735e-01
5.596836509336697851e-01
5.656299140651303015e-01
5.711699905299946201e-01
5.766459257155769347e-01
5.753561091053991383e-01
5.772656322149073427e-01
5.751237399145276985e-01
5.722577280631576668e-01
5.691673462616735346e-01
5.692487478132945977e-01
5.650716739764592988e-01
5.638823086667591467e-01
5.596547254488847267e-01
5.483310586390934827e-01
5.399644846416937760e-01
5.302270957759603887e-01
5.162278871788288370e-01
5.035183376374512410e-01
4.916257633816602524e-01
4.774757012879323748e-01
4.578791207423649201e-01
4.387124369332681684e-01
4.240530731969153200e-01
4.137225551836963833e-01
4.076406275997191964e-01
4.032061334175149891e-01
3.951411502123280406e-01
3.985257564043931389e-01
3.944907392988739048e-01
3.906781696638083057e-01
3.901771304858080991e-01
3.767869365542621529e-01
3.840401984138814284e-01
3.825101247910764890e-01
3.684445559472616094e-01
3.772882415815574930e-01
3.629473906921584225e-01
3.763141379016056720e-01
3.826253674501545188e-01
3.736061530359598426e-01
4.005966957595172850e-01
3.879983621396915772e-01
4.170566442516028816e-01
4.014230579524690201e-01
4.354421880778521770e-01
4.496631089967442763e-01
4.352883028324013304e-01
4.805070657159164482e-01
4.713768135757102629e-01
5.110473411987574988e-01
5.236970379443822710e-01
5.185837810729001518e-01
5.578143565642533774e-01
5.590324008492920660e-01
5.942023552337943881e-01
6.064558436560316679e-01
6.223032682856327602e-01
6.494945381998343814e-01
6.585624950913085973e-01
6.828772054302706396e-01
6.936654909751233111e-01
7.121674044387227287e-01
7.284423755229016972e-01
7.475438025068757986e-01
7.623018061638252574e-01
7.738313904282513311e-01
7.923250995871037317e-01
8.071196219817592388e-01
8.171916679759908542e-01
8.253350930032156141e-01
8.411376056010745339e-01
8.541462157881866135e-01
8.682704367984349636e-01
8.784398385362447437e-01
8.938858510996608997e-01
9.013944324500782201e-01
9.112344565431507171e-01
9.127933212398925411e-01
9.124453735453685876e-01
9.112369598138934101e-01
9.132257762257900424e-01
9.178380527435588965e-01
9.174392451818759175e-01
9.151893113388186451e-01
9.159155636608872220e-01
9.182937424542160221e-01
9.725859655005948401e-01
8.671881820385770601e-01
9.194246595598305483e-01
9.201267208535864883e-01
9.227710460671121329e-01
9.201754268953165061e-01
9.175343096575251378e-01
9.168585654134324692e-01
9.172736362217506212e-01
9.163342553129574242e-01
9.119108782512449496e-01
9.070693262752682617e-01
9.019207865522657075e-01
8.913013324034854135e-01
8.864716963314931419e-01
8.773388020912965546e-01
8.671821487658141203e-01
8.545623132295413482e-01
8.338944580933623785e-01
8.302770093643068172e-01
7.879039395232414478e-01
7.867219055682457274e-01
7.677116052524532996e-01
7.508960523757144401e-01
7.302597247790258983e-01
7.062552664288667126e-01
6.806667977492344423e-01
6.537230164313448944e-01
6.272199774254099136e-01
6.016796638541499487e-01
5.783813247210787267e-01
5.521087088006628729e-01
5.324633731035325335e-01
5.128822003462212287e-01
4.977568202940211295e-01
4.846115478907117580e-01
4.815327310324830634e-01
4.652597043433654989e-01
4.690894809292374679e-01
4.649763814432791298e-01
4.564529178677679822e-01
4.502973023325990698e-01
4.352518373941082208e-01
4.406609240883456180e-01
4.369607172906252446e-01
4.229489491306961946e-01
4.304306320026461963e-01
4.135370152194670634e-01
4.210006954926915346e-01
4.168195636365507606e-01
4.019405988796257989e-01
4.141917487975106393e-01
3.998419974772905450e-01
4.058190018612489736e-01
4.025472863316619243e-01
3.934325117352187040e-01
3.930418610519907374e-01
3.873767054551764399e-01
3.846376244613193274e-01
3.810593612016441867e-01
3.841696738960153623e-01
3.766452197780646438e-01
3.865364202961005802e-01
3.708310039652588097e-01
3.695376652959255770e-01
3.824790586481595644e-01
3.604247272394070500e-01
3.807887514634148984e-01
3.616700526192002663e-01
3.859448473212850894e-01
3.702537829185870155e-01
3.745079617744717648e-01
3.920961668931660093e-01
3.824926977965290020e-01
3.989716099843225172e-01
4.044960629502293847e-01
4.193601521665826781e-01
4.279149917660944880e-01
4.435945854954188583e-01
4.535949717052097374e-01
4.674508275965644777e-01
4.840278887773025174e-01
5.042676790892862693e-01
5.295443393586266589e-01
5.496330522507562044e-01
5.680965229405038341e-01
5.847187541480336481e-01
6.025248120894628467e-01
6.219436393525745732e-01
6.411143621812730453e-01
6.565417351730746809e-01
6.791822987508100429e-01
6.948324509323813292e-01
7.130036675780534461e-01
7.313297767282141981e-01
7.492256831190347022e-01
7.673132463154310745e-01
7.856153948547254240e-01
8.012461082758004505e-01
8.169018925614240922e-01
8.347843178862084379e-01
8.526663284775829466e-01
8.640044210339949959e-01
8.731784110705091972e-01
8.759566579675875930e-01
8.812225075917110573e-01
8.811045471376178773e-01
8.821058384899432836e-01
8.825503096838398509e-01
8.847445048197732920e-01
8.905852972633903075e-01
8.909444707682808717e-01
8.952541539859112385e-01
8.961436160799775008e-01
8.980859059083420304e-01
9.001220590700603763e-01
8.983464991730584215e-01
8.988293046881239423e-01
8.998549902608314888e-01
8.958006189605826064e-01
8.936056236129035213e-01
8.974622430473793155e-01
9.027373186271862027e-01
8.980801549572714482e-01
8.971028034276359309e-01
8.980407048136918036e-01
8.984828193959911724e-01
8.983475853076423601e-01
8.952631151446877045e-01
9.173502058345878174e-01
8.687054271220309154e-01
8.890974508648314956e-01
8.860318947438523551e-01
8.827605969332547042e-01
8.846666863181201768e-01
8.808016704042429534e-01
8.797780385676376991e-01
8.793001332305403484e-01
8.739243003037918678e-01
8.796309328419100737e-01
8.730001535753592057e-01
8.760545774151402565e-01
8.798440374577176648e-01
8.834896004932117908e-01
8.877498863196702228e-01
8.933901356962025142e-01
8.969981779130691280e-01
8.920957618470497508e-01
9.039115700441983092e-01
9.074541021731429291e-01
9.086182490783029087e-01
9.108178692549653288e-01
9.122485818212869857e-01
9.243779498846624865e-01
9.251748319770960460e-01
9.300044032656044068e-01
9.330123821264537654e-01
9.370225806062015828e-01
9.506765833136135990e-01
9.391079702162262732e-01
9.504941424010242557e-01
9.559582006433945400e-01
9.573953849695705509e-01
9.643143905306453822e-01
9.639057525210086297e-01
9.702206602846039640e-01
9.749463428628395434e-01
9.790153613582655012e-01
9.831808173197389422e-01
1.004974769241030685e+00
9.693579101793500241e-01
9.812725922264524669e-01
9.814413129092720567e-01
9.785833930742683373e-01
9.770446997071258188e-01
9.752476130649820885e-01
9.731967054015544516e-01
9.752591195629820575e-01
9.753167931698121240e-01
9.764366612708358373e-01
9.753166558908037409e-01
9.743744179101037073e-01
9.765260552991008591e-01
9.738979016054618576e-01
9.739927496744685831e-01
9.762786431260058739e-01
9.742037052555861942e-01
9.761275487572620424e-01
9.733690689750070790e-01
9.738864230512622733e-01
9.780495500177023294e-01
9.734616464509247002e-01
9.760630019350081676e-01
9.711082201132831271e-01
9.726917866821866987e-01
9.720433360889982888e-01
9.723172294657310699e-01
9.679133254726790536e-01
9.669804019541377027e-01
9.678541086440983765e-01
9.678287290928443420e-01
9.761359397682790595e-01
9.704258491293137334e-01
9.712971449225671350e-01
9.697458179105840070e-01
9.687069659340137306e-01
9.738626763226154726e-01
9.721322222602898355e-01
9.864833492892519651e-01
9.499742194505719217e-01
9.692161973723623092e-01
9.759521904982667584e-01
9.764661762368563869e-01
9.828899093485444771e-01
9.733240411442563023e-01
9.748828520940310272e-01
9.803827966577512987e-01
9.841195802913215163e-01
9.850039842936535450e-01
9.815523277742855823e-01
9.796496358788124859e-01
9.786061399090162372e-01
9.810019614506979568e-01
9.901901054486416109e-01
9.914712085297602284e-01
9.928041644175621405e-01
9.890615162779011760e-01
9.896924244184287511e-01
9.936905257842113537e-01
9.934641951300613449e-01
9.949460149444029344e-01
9.935444355910781900e-01
9.950641289687067736e-01
9.979472900637875732e-01
9.996691432224118490e-01
1.001409189274746758e+00
1.005670011552348031e+00
1.005342815503132758e+00
1.005062765293400995e+00
1.003333847166863357e+00
1.005889932674739029e+00
1.004667846233242345e+00
1.005661522240700156e+00
1.003899106211769476e+00
1.003296479495496829e+00
1.001325485637413193e+00
9.963203281204205952e-01
9.965974810817971319e-01
9.912898312406273060e-01
9.927393738104962617e-01
9.867995880704972800e-01
9.784845034386836504e-01
9.785748863532920394e-01
9.767197220636385513e-01
9.809263093386029198e-01
9.736291309391065241e-01
9.677410155656721580e-01
9.640629571046880342e-01
9.601408458616371711e-01
9.604324038834363142e-01
9.591919407537699005e-01
9.559959310816052991e-01
9.506205565944096936e-01
9.371802443071794997e-01
9.376355604819894829e-01
9.264952552144968267e-01
9.194261093812896579e-01
9.061796060703376510e-01
9.021602021521153425e-01
9.040101294570036528e-01
8.786112116261451943e-01
8.795286369766815993e-01
8.722445285674154114e-01
8.623288399069913845e-01
8.499542867132039436e-01
8.397608314403746110e-01
8.230361638086649556e-01
8.080421463161067130e-01
7.903423848702999521e-01
7.776691147821437333e-01
7.645800043622656972e-01
7.555966076127046405e-01
7.477231221074830403e-01
7.393998910298443805e-01
7.347319596805346187e-01
7.260604136427989408e-01
7.212722814420976514e-01
7.158532670872027603e-01
7.090903105387997840e-01
7.088609574566230309e-01
6.779830728447716615e-01
6.794466824246078174e-01
6.713979852435998374e-01
6.613150498210212946e-01
6.501481622448495035e-01
6.362137973286648984e-01
6.224992511733985490e-01
6.066922480668770490e-01
5.912706899788211512e-01
5.719970859244186689e-01
5.560140660947120450e-01
5.398663719975426156e-01
5.265046835675539771e-01
5.093942293576526614e-01
4.959900722046209909e-01
4.843546568595433754e-01
4.718483809154231379e-01
4.590450844729201396e-01
4.477326271816334247e-01
4.351028716889101533e-01
4.210645095576879271e-01
4.094305857488396150e-01
4.004518475850733505e-01
3.888973051155372174e-01
3.775823812383140576e-01
3.624019091870817055e-01
3.505571860238685389e-01
3.420112272738987658e-01
3.420072700514341646e-01
3.393881582547522702e-01
3.556982702981597577e-01
3.303228876398257019e-01
3.415791280531539909e-01
3.335870399195579594e-01
3.330318216288373212e-01
3.308443953027077611e-01
3.170449143446829043e-01
3.282110689872717590e-01
3.185524778095813470e-01
3.413911010773018062e-01
3.403247021095951452e-01
3.679461261727771659e-01
3.785126117978014348e-01
3.714226213758834438e-01
3.935740965345920217e-01
3.892435731206128069e-01
4.154318852909471005e-01
4.111428189614561024e-01
4.377148761568953605e-01
4.449250699752812510e-01
4.723850977049554034e-01
4.956199236327807345e-01
5.109924151613023380e-01
5.230854085251164243e-01
5.265352124147802959e-01
5.621783728998065444e-01
5.743706552007578070e-01
5.830643307499037142e-01
6.106021540967246919e-01
6.176135786449709064e-01
6.411947788106198143e-01
6.537035866520166660e-01
6.683419793012830290e-01
6.875003075016848930e-01
7.027432220183867928e-01
7.177718587073077527e-01
7.283895205259300898e-01
7.440205621416211557e-01
7.611469143846016916e-01
7.751391466598063218e-01
7.864721761637435415e-01
7.909197860089784982e-01
7.987082314137883277e-01
8.036807236314467140e-01
8.107084792864387435e-01
8.123591593090530028e-01
8.111548495071633225e-01
8.108160459082960347e-01
8.114269389883549399e-01
8.181415038257278116e-01
8.238782978728027562e-01
8.287076419081111922e-01
8.265666528780910571e-01
8.259188777020387562e-01
8.253537755974010848e-01
8.228822127869739322e-01
8.236524726008969122e-01
8.198262356681289553e-01
8.155677711000827168e-01
8.134566290903667563e-01
8.120755877653969002e-01
8.072307277800127023e-01
8.017872280319492395e-01
7.940223201271542353e-01
7.910276707343290026e-01
7.827678994080162767e-01
7.735021665997471318e-01
7.584875954046221835e-01
7.427784419150471606e-01
7.230735515837383165e-01
7.059812187168332809e-01
6.889422119382101473e-01
6.695109583772570483e-01
6.542878460100594040e-01
6.352945333611572654e-01
6.095091301949719931e-01
5.897378049793111643e-01
5.672267237224621894e-01
5.490311010063528840e-01
5.277581883221957870e-01
5.070964023343061955e-01
4.851884422489243232e-01
4.643592597563391822e-01
4.508344245200463507e-01
4.432817385665147047e-01
4.392006428074992086e-01
4.399322204452307261e-01
4.328727681095791424e-01
4.347386341116312169e-01
4.214095934080048234e-01
4.200152439622414358e-01
4.206791933881492418e-01
4.052421658245657365e-01
4.158334084452450785e-01
3.981354106607224996e-01
4.088426803431134404e-01
3.870837711387975499e-01
4.042484415787262475e-01
3.858712538970950345e-01
3.874600947159635989e-01
3.670947707430946561e-01
3.822666021815051551e-01
3.871999635519977612e-01
3.750982700691832816e-01
3.976809813123527437e-01
3.779270432965272097e-01
4.012854327033205104e-01
3.886660961448015206e-01
4.114103335721000509e-01
4.151352383888068376e-01
4.007122505614703623e-01
4.257052151998886313e-01
4.213345160405877476e-01
4.493766926575410436e-01
4.681968168311430034e-01
4.627811004759146973e-01
4.865236986461801694e-01
4.912255285114812131e-01
5.082068412206042218e-01
5.224784144919260021e-01
5.421590131229916398e-01
5.638890839382268982e-01
5.725718392674690183e-01
5.884399052629968319e-01
5.999145206699708632e-01
6.144642662956711909e-01
6.365343973441172087e-01
6.504341208988039247e-01
6.715969450229297699e-01
6.849717910713024605e-01
6.987284971074557705e-01
7.116703079612106686e-01
7.256032541150978510e-01
7.450262928880122537e-01
7.649763894209816728e-01
7.796656481563259966e-01
7.922352923570010752e-01
7.976511630628237981e-01
8.082292292036955539e-01
8.125563561734368001e-01
8.041448362600750466e-01
8.042359470847944003e-01
8.059280637262888902e-01
8.090236795633516387e-01
8.085942619155422895e-01
8.132676643299409092e-01
8.118179513370084033e-01
8.168648340095443494e-01
8.338581508122825392e-01
8.118991702290242474e-01
8.230509218661264947e-01
8.203112290902064840e-01
8.224395963656234709e-01
8.249670279390384220e-01
8.267901528202526995e-01
8.273090758824035440e-01
8.282370111361709863e-01
8.256773753132746752e-01
8.269616894298287280e-01
8.245385914369868230e-01
8.238069839135556682e-01
8.220967604633534487e-01
8.191934134487374175e-01
8.161539286717053310e-01
8.152544286644682892e-01
8.154557230035750504e-01
8.112187554259495670e-01
8.061275951145032703e-01
7.989010350653361625e-01
7.960625106495131664e-01
7.923284098822459542e-01
7.919065120289705551e-01
7.900773092529278507e-01
7.854383404479383657e-01
7.869831355385814575e-01
7.847103705686039321e-01
7.824451437837901535e-01
7.691952185785607687e-01
7.692313033954482071e-01
7.677631585918995860e-01
7.652523732058287287e-01
7.649122863630668512e-01
7.620813963127982538e-01
7.612589768846212968e-01
7.582728244740357670e-01
7.543827619405713003e-01
7.476240967611309518e-01
7.461605992176876256e-01
7.462169587659472914e-01
7.553252670012754466e-01
7.310547509415655787e-01
7.281904802930848630e-01
7.157746455255820095e-01
7.233965706352202263e-01
7.289896292606966588e-01
7.272117210382035291e-01
7.205157563977491186e-01
7.142894797589636191e-01
7.106090921400266547e-01
7.070172786587347602e-01
7.043317778240532068e-01
6.980839166080178293e-01
6.945755976110028485e-01
6.936612693377188776e-01
6.875085707832864212e-01
6.823175902281033434e-01
6.780861775793014523e-01
6.743988143887217346e-01
6.689345233987274986e-01
6.585870808997095205e-01
6.530327411505058022e-01
6.501494125201833230e-01
6.491122929158817945e-01
6.464185384038814153e-01
6.441128190574729739e-01
6.428629621915956660e-01
6.358859286597018379e-01
6.352471271339806824e-01
6.295285105133618941e-01
6.275829913626039813e-01
6.255635173731195486e-01
6.219460898563816675e-01
6.238552702960618035e-01
6.275748224834925004e-01
6.347345272788120774e-01
6.443551938431804071e-01
6.540379310770324528e-01
6.659566399543188631e-01
6.707259260798998923e-01
6.807424703168826197e-01
6.917204240968534146e-01
7.048451421643309178e-01
7.167880304404106173e-01
7.243732380563984163e-01
7.318742079445744730e-01
7.458392419056018019e-01
7.642768233811036982e-01
7.789003687933467868e-01
7.944575987619277857e-01
8.099812523681860776e-01
8.218714101550735895e-01
8.385207747492473551e-01
8.493508386678907396e-01
8.712930043761599741e-01
8.631988367942298179e-01
8.859490888987811008e-01
9.062646833632115317e-01
9.163742844227673601e-01
9.285284679192447044e-01
9.405914873243755858e-01
9.514466830396892671e-01
9.617669455911984633e-01
9.689394885874232921e-01
9.782482979108008125e-01
9.919373015363115442e-01
9.962303941134915686e-01
9.938012968108990153e-01
9.936617132684584242e-01
9.979238892141569783e-01
1.008421525878605340e+00
1.009983767991663672e+00
1.012749726647253379e+00
1.009299879584335091e+00
1.008017377750821675e+00
1.002777534221446221e+00
1.010869983129227601e+00
1.002396447469607210e+00
9.914662721010853996e-01
1.004124282090189002e+00
9.977933097072114732e-01
9.969179259689300299e-01
9.945421273290083741e-01
9.945942187316109129e-01
9.942393255950090492e-01
9.894559052537131860e-01
9.819138913303234739e-01
9.795613627552223202e-01
9.766206510646080474e-01
9.774419714348171473e-01
9.762335991896690102e-01
9.612042841556118766e-01
9.603113855728979686e-01
9.554375854753917041e-01
9.505264101647826758e-01
9.510596255996255355e-01
9.505531344459210441e-01
9.461252143394492942e-01
9.437266807458948303e-01
9.306540991072068669e-01
9.355429274602871104e-01
9.338384622896428455e-01
9.298503301766619655e-01
9.278345689906654092e-01
9.249235355778413492e-01
9.259801293085080376e-01
9.284266650212026351e-01
9.284928991684278099e-01
9.283536167727826083e-01
9.277966257585351650e-01
9.317819492486499877e-01
9.324417206052437734e-01
9.301871105718008126e-01
9.294091578416081578e-01
9.351443609110628996e-01
9.462926803326854319e-01
9.232133699724892617e-01
9.367923097294813539e-01
9.408854714149522680e-01
9.440013502728622496e-01
9.425873734255353353e-01
9.419228659070597587e-01
9.482956301837932589e-01
9.470693971688437518e-01
9.486433740813167148e-01
9.457232116570208902e-01
9.487262156442082262e-01
9.462795587093389971e-01
9.473817397904262805e-01
9.546827815310269250e-01
9.518376940195715230e-01
9.453373846983127438e-01
9.424498648981458615e-01
9.368754069085324376e-01
9.382886606128293394e-01
9.377548481262626412e-01
9.374806643173081433e-01
9.391104064307237431e-01
9.291593797127017940e-01
9.263067955983189661e-01
9.176410235422571837e-01
9.073327614310719991e-01
8.935062813664460535e-01
8.854666168967826323e-01
8.709792219416750969e-01
8.498797231877925906e-01
8.309522430106776048e-01
8.202434880703577402e-01
8.174730791605305802e-01
8.172400777598697319e-01
8.163333866069946154e-01
8.170540363984154508e-01
8.134841656939669763e-01
8.134738692573283414e-01
8.120254449164426847e-01
8.074103212264643892e-01
8.012824461375063212e-01
7.925733268753503147e-01
7.937426905084566942e-01
7.939529071029156615e-01
7.932522524983587342e-01
7.865462874673276872e-01
7.877740217522251065e-01
7.881549417205319097e-01
7.722446178491149116e-01
7.709619578461230915e-01
7.707794472581404044e-01
7.697873304682856244e-01
7.727264665765389839e-01
7.722908551307662295e-01
7.630119503354291233e-01
7.537008870091510548e-01
7.447151543948977714e-01
7.301590533746987743e-01
7.141621758261803565e-01
6.972025832151466096e-01
6.768200698019648520e-01
6.554316873542761490e-01
6.269240044017525548e-01
6.007951603180829991e-01
5.726663469327374356e-01
5.486967094996781924e-01
5.229736012796121214e-01
5.004680068428486450e-01
4.807559824847486007e-01
4.671119507886398181e-01
4.655396296602022921e-01
4.551768488933251033e-01
4.522073365331814032e-01
4.454256728553612765e-01
4.529468548136270090e-01
4.110017388058077037e-01
4.078754066950747714e-01
3.883505456445878190e-01
3.650744856115336057e-01
3.406065542905271082e-01
3.184519255629405521e-01
3.180310132403017520e-01
3.159075549852364273e-01
3.156884648839766161e-01
3.111146417277015908e-01
3.087109049167553465e-01
3.037065939086445732e-01
3.035793924256720566e-01
2.960625490925901659e-01
2.941397476289948076e-01
2.956460204384291912e-01
2.995559894216512364e-01
3.054102809169321753e-01
3.063145060486768823e-01
3.137840172825859253e-01
3.190906109583895867e-01
3.236041344794038932e-01
3.289448869038955059e-01
3.353829047017514720e-01
3.470744591397412759e-01
3.540172396526570786e-01
3.681252834683647612e-01
3.774928511242707785e-01
3.913629760095656551e-01
4.056544889693024514e-01
4.124423089389716579e-01
4.286106750050590053e-01
4.371340499319276152e-01
4.506563718824785347e-01
4.635844379068244092e-01
4.691250676946120413e-01
4.852889633236651679e-01
4.967318847413561000e-01
5.054988091714563980e-01
5.193646938587068718e-01
5.197404363542624806e-01
5.382350778853065565e-01
5.439821465208980467e-01
5.543605003852417612e-01
5.705115483115891228e-01
5.749008502883895533e-01
5.912777276179047581e-01
5.966893396039213426e-01
6.182193913046067912e-01
6.188034649269785747e-01
6.296070470166493793e-01
6.452133970863656032e-01
6.402638239866313974e-01
6.602690402220448007e-01
6.547784902293816156e-01
6.569482029858633165e-01
6.780397371605865198e-01
6.716373757478824036e-01
6.949874290085348294e-01
6.977768837484780162e-01
7.167959253396611885e-01
7.170318918679846609e-01
7.246165896575829102e-01
7.373553670809559479e-01
7.420162690627776225e-01
7.564045957779760299e-01
7.578830716580077231e-01
7.712907686118408712e-01
7.793716500955796267e-01
7.855763167292412197e-01
7.892675935011262967e-01
7.924941035511511300e-01
7.994302128443385724e-01
8.115428118846349514e-01
8.215280276817694682e-01
8.333702230697356272e-01
8.321136964200533948e-01
8.368343556437740638e-01
8.409671581062982959e-01
8.444094617493002053e-01
8.520895245013121455e-01
8.675406358762083325e-01
8.316739112696274194e-01
8.545357043842408684e-01
8.548191446283833761e-01
8.504288994165711824e-01
8.590078836925337802e-01
8.371420667357468703e-01
8.431592335454181075e-01
8.373372252468055388e-01
8.325516222582568515e-01
8.288472034514303699e-01
8.182495281992296920e-01
8.028657139625580141e-01
7.882788700357332701e-01
7.707472629631811900e-01
7.532603574697456228e-01
7.410789858173512101e-01
7.001930484513561037e-01
6.931911906831466075e-01
6.867543652843821622e-01
6.675424527242672657e-01
6.335687533383943526e-01
6.329532726973202683e-01
6.216470950666436179e-01
5.850966517050567584e-01
5.922921324550503019e-01
5.716665606943395206e-01
5.699066357551616502e-01
5.673993716741597693e-01
5.528316616049072652e-01
5.495595373164694486e-01
5.303306109426362269e-01
5.158386134597652273e-01
5.183574274134050697e-01
4.961829315149993147e-01
5.097533982588072776e-01
4.821268353568722298e-01
5.027408160048389973e-01
4.695525219374551695e-01
4.979072831098307894e-01
4.613420406948819386e-01
4.941909158072539943e-01
4.529129254380395708e-01
4.488817379121182727e-01
4.809171550983758481e-01
4.466729846255503844e-01
4.821495667743212477e-01
4.546811054735024893e-01
4.916853356076454351e-01
4.653144698956688252e-01
4.972806431029180296e-01
4.815130132198507384e-01
4.949747143893444834e-01
5.222834136645171377e-01
5.204344633527124842e-01
5.489090183299110137e-01
5.366759511558648610e-01
5.693474168708687611e-01
5.522198350794461641e-01
5.813996702940265049e-01
5.977297342940035563e-01
6.210964483913737899e-01
6.197371263153892418e-01
6.449047277568230596e-01
6.571766325979546686e-01
6.688425574910377147e-01
6.846877529984128907e-01
6.963828639265151610e-01
7.118633679899589728e-01
7.258121992517182486e-01
7.399318065006202927e-01
7.542616135815621847e-01
7.641452696489786645e-01
7.805445047726344843e-01
7.909334644199228492e-01
8.038405329039702840e-01
8.168495146661687301e-01
8.292057057816810683e-01
8.410646792235294544e-01
8.534049231082807552e-01
8.675424784725875860e-01
8.757618135014112459e-01
8.910549369986738855e-01
9.002722574162198566e-01
9.093899701804711855e-01
9.184085570278631705e-01
9.255309642753453137e-01
9.339602824885973043e-01
9.398531767289423078e-01
9.451718039223834245e-01
9.486211426138256853e-01
9.509556790373511204e-01
9.544823561230906250e-01
9.527755797532956317e-01
9.518654252855733855e-01
9.518423100253133873e-01
9.470125715149209089e-01
9.547122276167517851e-01
9.519541037707509590e-01
9.522108488345708555e-01
9.468302802097028348e-01
9.422270366191968227e-01
9.404554671125088250e-01
9.396139065207669283e-01
9.389371796030454576e-01
9.349015712625551311e-01
9.338343220037109704e-01
9.315028444860621315e-01
9.290009332961371991e-01
9.287648572096780519e-01
9.249355733503026311e-01
9.286906143260805768e-01
9.282411915058670360e-01
9.286283254198235415e-01
9.318295545703946248e-01
9.287060697026308098e-01
9.310837298689468300e-01
9.302176266427932827e-01
9.342199795213124158e-01
9.374066576973077991e-01
9.389933016123578335e-01
9.440639965325337002e-01
9.442124136483439623e-01
9.481964195610995683e-01
9.541434785385648487e-01
9.555511354018468850e-01
9.555347865162123755e-01
9.572377634262936308e-01
9.669013326803700403e-01
9.718280568935337982e-01
9.786812315546915553e-01
9.824417245985447300e-01
9.907819143735933087e-01
9.952217512009877698e-01
1.000496934216657641e+00
1.017550632015950862e+00
1.008544823657023803e+00
1.023021426705341019e+00
1.019568916224543820e+00
1.024612475896065744e+00
1.035570553373540648e+00
1.043104896138987492e+00
1.049534502396036295e+00
1.056820664290497813e+00
1.056761218337262109e+00
1.067481163527083776e+00
1.064801399558728656e+00
1.067760722251891226e+00
1.069171225643062773e+00
1.068205331498426114e+00
1.068368912354206168e+00
1.071430635757977257e+00
1.068604200403607374e+00
1.069557801942446762e+00
1.070319453331642023e+00
1.068816214496469463e+00
1.067575458403301036e+00
1.069843819917029482e+00
1.067634119153141325e+00
1.070198385523050355e+00
1.066383054826594012e+00
1.067609554079838263e+00
1.069415702036024429e+00
1.066664225027444513e+00
1.069914169637908197e+00
1.068003151232034043e+00
1.065289922694737879e+00
1.068494923122820461e+00
1.065643164985554669e+00
1.065256407610282396e+00
1.064954521682144550e+00
1.067702366352286880e+00
1.075111921969559958e+00
1.077841296041487817e+00
1.075798599076650985e+00
1.080125805207693412e+00
1.080330053665969459e+00
1.079992357276308379e+00
1.084533922665931849e+00
1.082783800877203495e+00
1.081698771966392858e+00
1.086678089820171556e+00
1.088904168310536491e+00
1.097531184278891070e+00
1.097509669074494099e+00
1.098944930142675469e+00
1.099225125195481434e+00
1.113133243676423412e+00
1.112485702997508374e+00
1.112318759926133271e+00
1.107232659737879876e+00
1.114797211579235059e+00
1.124384593692217438e+00
1.138056746117044993e+00
1.134374063802422894e+00
1.137698078802859225e+00
1.143188230210469669e+00
1.145847521275925596e+00
1.150455778019261022e+00
1.153079932280318465e+00
1.159482567673533193e+00
1.159631700357506290e+00
1.166789149783455271e+00
1.171565721946227656e+00
1.172769985021495653e+00
1.170031915662334665e+00
1.165107640626892538e+00
1.166445147911867597e+00
1.163211941223614598e+00
1.160451559899861484e+00
1.159998631100483291e+00
1.156866936532335632e+00
1.155152282275835329e+00
1.149994927749146134e+00
1.151372752135935595e+00
1.145544380716592814e+00
1.136251515505206644e+00
1.138132572241186802e+00
1.134748645968820746e+00
1.134960267125890709e+00
1.127723695228461942e+00
1.124272445682142019e+00
1.108410569100228393e+00
1.107779515267492521e+00
1.098340857497545731e+00
1.081112066586701559e+00
1.072322518619938547e+00
1.058363592193674263e+00
1.042604552407874863e+00
1.032737499439307483e+00
1.003147118862627529e+00
9.965884228708262738e-01
9.781383975937997244e-01
9.623947167903533773e-01
9.502136202233339990e-01
9.284176818856008095e-01
9.147371650086310035e-01
8.983664445425706413e-01
8.791149265972608706e-01
8.643477377045802879e-01
8.444240199694676985e-01
8.363105297060913212e-01
8.191586301726468955e-01
8.096390484820885636e-01
7.734723561921968971e-01
7.119963436379800337e-01
7.127531986430373223e-01
7.128621987502170576e-01
7.127732679348282030e-01
7.116311687102412353e-01
7.116163559067063549e-01
7.121606349646409928e-01
7.115030411864462501e-01
7.110286444708067144e-01
7.103164391453468118e-01
7.110586356936484664e-01
7.101635912601229617e-01
7.101589868373127112e-01
7.099415319854435191e-01
7.359306521630986087e-01
6.126188220703975285e-01
5.944066192170492924e-01
5.767260953678481350e-01
5.562925768387747549e-01
5.330001425543696714e-01
5.147227958535378622e-01
4.883383988642115425e-01
4.643118620444587341e-01
4.364200745875834175e-01
4.109986227766351807e-01
3.858350685716272488e-01
3.588301925660100644e-01
3.329969825821764151e-01
3.096039262933513170e-01
2.887085648495679724e-01
2.668972490095308236e-01
2.463452883607347432e-01
2.321836441932063344e-01
2.212723880358080653e-01
2.147177487476525093e-01
2.081310077703018568e-01
2.027373891084403301e-01
1.982889067565869468e-01
1.971778868547081898e-01
1.984523077110197653e-01
1.991589822665063569e-01
1.990562691892725777e-01
1.975375777678457234e-01
1.974173816382623070e-01
1.985372851607424549e-01
1.979175189695429327e-01
1.975936133606582823e-01
2.009066959089741977e-01
2.124861414369698664e-01
2.290085956370247755e-01
2.507041381972209826e-01
2.709314055354892226e-01
2.894885759624883370e-01
3.046890886740011295e-01
3.240568066284547077e-01
3.423652154750303489e-01
3.686400832968745322e-01
3.907347455107937351e-01
4.144802920172320215e-01
4.408719678847292101e-01
4.636093769293344602e-01
4.883419349818658439e-01
5.063446943652815113e-01
5.266584045271504033e-01
5.434992249020963451e-01
5.576816295712778704e-01
5.767247216962633205e-01
5.974422266179835184e-01
6.195782025263030235e-01
6.405643845785574664e-01
6.624091432936796142e-01
6.798993863255110570e-01
6.911811048366509613e-01
7.063870868897768052e-01
7.193302105271304203e-01
7.439628099260444660e-01
7.689428700032727715e-01
7.917066582766615346e-01
8.066289101395013317e-01
8.132425699760423843e-01
8.329607547742584606e-01
8.417404854680216042e-01
8.666494676828583321e-01
8.812039488285392519e-01
8.904421940704554395e-01
9.013243021162141710e-01
9.137211685816198914e-01
9.244628759964846898e-01
9.337762652624198578e-01
9.454527827528775852e-01
9.586649220178706798e-01
9.699453474893998672e-01
9.833155636719324022e-01
9.889664290138863167e-01
9.962849335000142359e-01
1.002854840433917261e+00
1.005704852458652709e+00
1.016163603720894093e+00
1.022126378697220561e+00
1.027784367085725403e+00
1.030982259051987704e+00
1.039231567909690845e+00
1.040679971313918539e+00
1.051785256358973797e+00
1.054188663189875808e+00
1.053442752825611839e+00
1.061626183863345840e+00
1.061443729789760759e+00
1.063180845543566289e+00
1.064123784833434616e+00
1.062044153063021801e+00
1.065568788104942488e+00
1.059027895646918127e+00
1.060836048414023347e+00
1.064944840692243710e+00
1.069995737239452183e+00
1.069953479354029513e+00
1.063095096428758879e+00
1.056428882425387572e+00
1.055796727349079145e+00
1.058709045309556895e+00
1.067124716175501531e+00
1.069564913065721212e+00
1.070087118698064277e+00
1.067666049195253652e+00
1.067150440449988524e+00
1.065687537993898149e+00
1.066820727833240001e+00
1.072396202192764880e+00
1.072459815915680847e+00
1.076133643397201745e+00
1.068376105849035085e+00
1.068964558920628249e+00
1.070867082546781868e+00
1.076466194197862603e+00
1.081291278176650383e+00
1.081682209601515510e+00
1.076976886089169305e+00
1.075290048752959082e+00
1.078944032590924973e+00
1.079805141530423285e+00
1.080395348691145285e+00
1.080869354052898856e+00
1.082093437899146027e+00
1.082912720141507412e+00
1.080979175898925781e+00
1.079726280138297634e+00
1.084183688648600929e+00
1.087935838188834881e+00
1.093601495541748569e+00
1.093424336740217662e+00
1.091541566373168459e+00
1.090860873320221636e+00
1.091714793820142804e+00
1.089404926858007050e+00
1.085929789608319096e+00
1.098561257434182536e+00
1.097635051399617367e+00
1.095621589694420583e+00
1.097480807940675485e+00
1.098817362254076224e+00
1.098201037953894676e+00
1.100333239570262078e+00
1.099562312386884955e+00
1.103972357909798863e+00
1.102407538359255534e+00
1.101723055196317524e+00
1.104653236404822492e+00
1.106875281328017158e+00
1.110727542438114446e+00
1.107202568232652728e+00
1.107371460424448895e+00
1.110226797007647370e+00
1.114364929340942778e+00
1.112703743368608000e+00
1.113479869844201442e+00
1.119774816689580899e+00
1.117114286858987171e+00
1.121468822998777037e+00
1.115907375481973718e+00
1.120417840741836146e+00
1.121004851264501445e+00
1.124735651598963271e+00
1.130207376749231774e+00
1.130239635090453554e+00
1.130785917123950490e+00
1.131774379632335181e+00
1.133571601442155297e+00
1.131830580773685258e+00
1.136428119919303370e+00
1.134218131539712626e+00
1.137678901003492449e+00
1.139812869228525871e+00
1.137560295051922576e+00
1.141936765458616554e+00
1.142306862460895855e+00
1.139663372553743725e+00
1.138677576149817350e+00
1.142248418879063809e+00
1.143621763956580883e+00
1.146341200001550931e+00
1.135953202710878740e+00
1.140638629236385926e+00
1.138430131657790056e+00
1.141702336289760034e+00
1.133782962617324586e+00
1.132661227666076131e+00
1.137512734215172072e+00
1.143726577696839275e+00
1.130534886764062774e+00
1.125512242237656890e+00
1.113592020733271237e+00
1.114053862074184886e+00
1.120863104317475711e+00
1.123311804340132447e+00
1.119074769253474821e+00
1.108681201513721293e+00
1.102525530477145965e+00
1.086042928021988319e+00
1.080490024284866513e+00
1.086558403651182836e+00
1.095894672560962846e+00
1.090998156294556543e+00
1.071875954950623377e+00
1.054603594303748171e+00
1.049646354000823179e+00
1.018982288637328537e+00
1.032066763557017097e+00
1.035614403942406003e+00
1.032929045241188337e+00
1.021124396129861722e+00
1.012094808768503329e+00
9.998433943169361404e-01
9.954701808820222153e-01
9.888919243540333914e-01
9.748656628891045894e-01
9.802319169032610580e-01
9.762355635207724536e-01
9.697935286616052863e-01
9.542091924236791867e-01
9.486347491799437259e-01
9.496476600166504634e-01
9.434946430403693407e-01
9.393431583975235810e-01
9.258699440700166594e-01
9.225138559440968500e-01
9.187262441791520517e-01
9.168529381750294416e-01
9.121980059627885495e-01
9.072582500914150305e-01
9.048882804497020427e-01
8.964018550666215113e-01
8.875522419780698113e-01
8.874304032507653872e-01
8.880208972406911094e-01
8.894650105786432448e-01
8.802616258727469223e-01
8.706651324378048562e-01
8.625021805676037490e-01
8.580288207632822406e-01
8.568797980157712990e-01
8.577757551142376480e-01
8.509308932950705451e-01
8.458104278039194623e-01
8.347228936097238483e-01
8.329855134012894569e-01
8.231190266823655843e-01
8.102507006271552070e-01
7.920608434049952740e-01
7.856582143592202305e-01
7.723201045530505571e-01
7.628245295893321121e-01
7.504580672062647340e-01
7.383921849557307793e-01
7.324921970047134634e-01
7.159502947706287701e-01
7.059558002023655909e-01
6.947069195219799376e-01
6.856463285880696201e-01
6.741526611788416501e-01
6.656124384414532358e-01
6.537247219321986602e-01
6.415581879277779676e-01
6.284714866308572789e-01
6.153660371255931238e-01
6.003816272509452379e-01
5.901148931053036284e-01
5.823306944530085572e-01
5.696274389362049329e-01
5.644620108275948400e-01
5.493800923280037773e-01
5.387494895900895031e-01
5.238802875919609248e-01
5.167620939278234626e-01
5.056498742803263724e-01
4.962117114344854474e-01
4.857962180417008669e-01
4.727602391319549180e-01
4.640499172408267259e-01
4.509754188947845410e-01
4.348028532007123803e-01
4.211112541155914712e-01
4.078585883309656657e-01
3.934182468787814635e-01
3.868439466649741254e-01
3.674892870857037197e-01
3.637225159618402426e-01
3.532423053157324189e-01
3.361149007176695291e-01
3.410567073277750438e-01
3.191332702328904536e-01
3.261167774982261514e-01
3.221865722445360070e-01
3.111079881323204344e-01
3.172298029705981626e-01
3.067861554447722239e-01
3.111417601142038580e-01
3.044479752958097474e-01
2.960318062507464321e-01
3.013550428100839063e-01
2.958578714913675523e-01
2.951497327025013884e-01
2.846764993213019568e-01
2.855736152483157042e-01
2.909239707090992000e-01
2.943359555704030406e-01
2.961631769035395489e-01
2.960345473499894076e-01
2.903903429641543354e-01
2.958499759397328899e-01
2.964247536543642703e-01
2.952311605794127325e-01
3.009121118396524408e-01
3.006140938664503270e-01
3.073152677972374458e-01
3.136732200191282294e-01
3.238949818401808955e-01
3.277229110822024172e-01
3.317884346490316272e-01
3.356932329705548113e-01
3.497664523594209984e-01
3.448280608811684633e-01
3.606669756092392154e-01
3.692893768875132876e-01
3.761492823123202545e-01
3.868256315254351430e-01
4.073154570381559147e-01
4.210164251440139394e-01
4.398572246584763201e-01
4.633560955589987040e-01
4.758615199287077879e-01
4.917584327231757646e-01
5.136556761084242195e-01
5.357494347968178028e-01
5.582565679164602779e-01
5.792484912007337394e-01
6.057918153863475208e-01
6.257598452845449799e-01
6.527897515118248339e-01
6.839133103155304871e-01
7.115479457230925453e-01
7.421849710042840442e-01
7.638974316702661360e-01
7.859685490801537888e-01
8.077449216414425148e-01
8.370031997129470103e-01
8.618367852598065593e-01
8.831134991858320404e-01
9.058576862626972481e-01
9.261288120932192891e-01
9.494933608991605878e-01
9.742095484103914238e-01
9.978360601555625875e-01
1.021755105080822901e+00
1.044638407049202744e+00
1.067344617797336248e+00
1.089050195300796942e+00
1.111971184420684322e+00
1.141206495371999585e+00
1.160799779440186530e+00
1.181606600458149803e+00
1.187477511337911240e+00
1.188567913695146583e+00
1.181528065979061237e+00
1.175622003502713175e+00
1.173733001709248880e+00
1.177802270031855114e+00
1.177094405513338105e+00
1.175326824977812379e+00
1.182205091946691988e+00
1.178156843519481356e+00
1.179625616064947646e+00
1.179497508910442249e+00
1.178502416920432783e+00
1.176901250301841229e+00
1.174860955615629310e+00
1.169881573679749431e+00
1.171768073956622969e+00
1.163981031198647598e+00
1.165129057186993666e+00
1.159885339567835683e+00
1.160159576114104585e+00
1.157940887035586286e+00
1.155492777042230967e+00
1.152742542179973073e+00
1.149217929665018678e+00
1.146632879943285444e+00
1.145822306370260613e+00
1.139056564699078011e+00
1.136621835193060148e+00
1.133295711675917694e+00
1.133526538474473044e+00
1.131459101588498051e+00
1.132973915986176028e+00
1.125252374885307827e+00
1.116947690821694650e+00
1.114671431479365316e+00
1.110339417875635393e+00
1.114107161541134206e+00
1.109238263727244878e+00
1.101976995559716066e+00
1.098281628031504864e+00
1.098830464414147556e+00
1.099340151199966531e+00
1.099838123893005726e+00
1.099560721004507746e+00
1.094917340215140200e+00
1.086298507142006375e+00
1.085821235269582630e+00
1.087394292397493301e+00
1.093092042254134810e+00
1.096699577880626331e+00
1.096466296341670699e+00
1.099782165117743959e+00
1.092540022721842252e+00
1.089712456247024397e+00
1.087358082295895034e+00
1.086877610398061744e+00
1.083561276556040953e+00
1.080784911316216235e+00
1.080121128124946317e+00
1.076654629870953173e+00
1.078462660808348517e+00
1.072703731927601600e+00
1.069973770393530144e+00
1.067332035952740288e+00
1.062939505277586072e+00
1.065020134350859626e+00
1.061611944499579741e+00
1.056298761123435570e+00
1.057933926453153539e+00
1.052338737378433420e+00
1.052707171818852760e+00
1.044949789771771664e+00
1.047226979508819156e+00
1.041270864779076932e+00
1.038938716319259825e+00
1.039026372985978108e+00
1.036922622970316565e+00
1.032001764077436823e+00
1.025639611757764191e+00
1.031782383300067885e+00
1.025904378108318804e+00
1.022732551754972130e+00
1.019081216035680137e+00
1.015930118163013152e+00
1.017229924158466137e+00
1.013432404943378495e+00
1.008339333862150689e+00
1.005688420440527642e+00
1.000965369887723888e+00
1.002772563375118997e+00
9.983634641208782856e-01
9.957061228640060602e-01
9.898878710113209189e-01
9.858713142783659400e-01
9.856874666692984066e-01
9.817538240336202149e-01
9.798766974244192962e-01
9.766804653505387623e-01
9.733120694118815308e-01
9.715504701263827370e-01
9.642334605569766737e-01
9.650844072509947580e-01
9.639757840636966613e-01
9.621948090926843999e-01
9.617686441596844382e-01
9.552497677021873912e-01
9.570559188132973238e-01
9.562567037517565316e-01
9.613659470565701914e-01
9.616424556579976635e-01
9.616343842279572174e-01
9.654428810184914056e-01
9.654883271258676292e-01
9.708362662374068197e-01
9.722593475104884808e-01
9.789117130167790393e-01
9.862149577580333615e-01
9.865524701209683611e-01
9.983696222298608092e-01
9.974578727504107567e-01
1.000503418719929094e+00
1.013795376334922116e+00
1.015465929373242204e+00
1.020087128027836076e+00
1.024226723846221265e+00
1.029834387598089984e+00
1.036499428581330262e+00
1.049883820857674399e+00
1.055865586163967418e+00
1.065133326816378068e+00
1.068068256572674013e+00
1.072582481583687075e+00
1.082110173704398770e+00
1.086926095430922556e+00
1.092242519132623491e+00
1.101535041433058471e+00
1.104460482470860372e+00
1.113060243051565479e+00
1.117812646581672675e+00
1.136828427985866474e+00
1.101654249382617357e+00
1.113787254572329966e+00
1.122505343158215707e+00
1.116400284813634292e+00
1.115136253591304749e+00
1.114140121321254062e+00
1.106911757249598560e+00
1.106376270307708021e+00
1.104065099849527387e+00
1.102729293202097782e+00
1.096995102020816404e+00
1.099748882465026112e+00
1.090047603694857425e+00
1.087960267301984363e+00
1.087186292362299467e+00
1.081189402197518801e+00
1.079348758649871343e+00
1.073855173581157452e+00
1.067966189860013237e+00
1.064962538728863262e+00
1.058566849307676305e+00
1.055455432443590302e+00
1.049666293158631802e+00
1.048798092689253947e+00
1.043551850373539036e+00
1.033236811486195172e+00
1.032786843006196609e+00
1.022483941860104162e+00
1.011250529127794007e+00
9.927246914599298089e-01
9.692993255476891612e-01
9.457776919418667827e-01
9.203717008455297721e-01
8.905640280917287432e-01
8.647050837132496115e-01
8.390846440008195017e-01
8.155226076417109171e-01
7.863593266696754513e-01
7.557504582079351829e-01
7.297182667732649008e-01
7.005975446140214613e-01
6.770731774095380961e-01
6.701704944999521407e-01
6.120787283452150396e-01
6.105099439922965221e-01
5.922833662321997927e-01
5.735752922432072465e-01
5.582912916599431785e-01
5.479390232169228936e-01
5.331828202319113252e-01
5.236345547192381433e-01
5.118406559107944176e-01
4.953399333556298689e-01
4.840830500229239552e-01
4.611251694784903599e-01
4.482721980271322515e-01
4.333784784201862306e-01
4.087686139646364292e-01
3.904762036666595271e-01
3.606985665249694550e-01
3.390183883039692980e-01
3.154141997714735024e-01
2.959280742989495727e-01
2.953657529857473540e-01
2.897263528883179395e-01
2.888299726260125655e-01
2.932852455522247936e-01
2.826107372597892464e-01
2.851005653071725932e-01
2.754369582172955799e-01
2.723806262629449026e-01
2.806293163058028450e-01
2.792811980057945953e-01
2.954725619428995587e-01
2.983495037038206288e-01
3.168484318994098103e-01
3.202789229275604943e-01
3.314233122856635738e-01
3.503296207590565481e-01
3.540132910957027867e-01
3.779626866821818587e-01
3.828925087241235592e-01
3.999122578474114120e-01
4.281046041928021073e-01
4.405392301959206725e-01
4.695683409127238694e-01
4.846103007596662682e-01
5.172460646725210998e-01
5.214818797080873480e-01
5.515619673613119112e-01
5.783278087949064172e-01
5.984556355453355403e-01
6.214289084336910296e-01
6.450272307754942869e-01
6.692077069618665996e-01
6.976435304071424426e-01
7.108154451203523294e-01
7.318801186877973430e-01
7.513475087970060695e-01
7.694373932110587511e-01
7.887590931338727129e-01
8.139125927605909139e-01
8.384901882541361262e-01
8.576391466864998758e-01
8.748644954147568598e-01
8.934955826765017539e-01
9.105228003027510120e-01
9.313051056053289756e-01
9.486996111360465056e-01
9.636675763683404394e-01
9.737147513333982429e-01
1.029449497375408695e+00
9.573085791299151825e-01
1.015738654888875825e+00
1.040128047583735116e+00
1.047796567693122238e+00
1.060871379381479906e+00
1.080742619523251236e+00
1.089352718747216286e+00
1.103884231598342813e+00
1.116139101143781787e+00
1.131760076794022130e+00
1.151571935328911778e+00
1.159808221557296903e+00
1.163883767851819906e+00
1.173809529916953975e+00
1.185349642432892869e+00
1.192296499595214332e+00
1.198714696515548850e+00
1.203537014285185780e+00
1.198656138006603866e+00
1.204010674951563775e+00
1.208549357248163370e+00
1.210675573846088593e+00
1.213612647153901714e+00
1.208143386896707305e+00
1.208898759157671421e+00
1.209140684393061438e+00
1.205826035228355853e+00
1.202837123478372794e+00
1.187578580285102881e+00
1.188319154084708895e+00
1.194627993961697499e+00
1.194922381433138447e+00
1.191561193627794779e+00
1.187819061456399483e+00
1.194552826408162627e+00
1.194353902552267810e+00
1.186252557857761181e+00
1.193514838955907820e+00
1.195426685970205183e+00
1.202806977349496487e+00
1.199997518113516959e+00
1.199235261918820017e+00
1.197721790472294323e+00
1.194759316485013212e+00
1.193198534800469224e+00
1.195296922808182227e+00
1.194519172988358635e+00
1.196751800670608601e+00
1.185031480795395442e+00
1.178925909397484872e+00
1.175592606593541145e+00
1.174726196032344294e+00
1.170714313115962968e+00
1.171494369910640154e+00
1.162128499095696377e+00
1.156543160845213913e+00
1.154756422104515234e+00
1.154045084642040919e+00
1.154693456891616510e+00
1.137579038088925243e+00
1.130607717506697307e+00
1.130175784974145614e+00
1.133197027472894414e+00
1.137730012586951389e+00
1.139275584429165766e+00
1.129513479598047931e+00
1.113649081138331276e+00
1.126815150248462905e+00
1.131901091796574388e+00
1.132011468030716062e+00
1.120686973022744670e+00
1.115735757139946660e+00
1.124102201368133436e+00
1.125090277895038016e+00
1.127552733432883203e+00
1.126117748969245547e+00
1.124688919114940733e+00
1.130983142627098426e+00
1.126210777558676712e+00
1.121734898372469980e+00
1.114925541590672475e+00
1.110927477234448402e+00
1.128892736703760225e+00
1.126422752429878882e+00
1.127444950116997413e+00
1.125122789051684391e+00
1.123403567165194739e+00
1.122572159697294403e+00
1.119789063660498130e+00
1.124833372508066809e+00
1.124156421759110680e+00
1.127415633343195056e+00
1.126947857016104226e+00
1.124503439188027309e+00
1.123813259024908806e+00
1.121755566045179009e+00
1.120584811914487666e+00
1.119131107877114895e+00
1.121572976588753212e+00
1.150598050483480517e+00
1.079225096950095608e+00
1.109323473258975179e+00
1.105467034470454246e+00
1.105798856942688424e+00
1.104877623340233317e+00
1.100133570848183195e+00
1.097314527398160822e+00
1.097014184801174963e+00
1.094454773228370037e+00
1.096745178096312445e+00
1.088975767475796053e+00
1.091655925246453496e+00
1.084818584238021799e+00
1.081747587307932967e+00
1.079039049409085793e+00
1.080128926536912948e+00
1.079821225750475788e+00
1.075820226263187518e+00
1.068875057303503739e+00
1.064054182212166300e+00
1.066473216774110888e+00
1.062736124211157041e+00
1.049479767666934737e+00
1.052043692311221745e+00
1.051201496230963039e+00
1.052940163055340994e+00
1.048153887607270462e+00
1.040416493214987748e+00
1.033823771604036157e+00
1.029341980505640963e+00
1.033634424255800210e+00
1.027885266800280473e+00
1.023337396333605875e+00
1.024306035137077853e+00
1.021904092698642019e+00
1.010956358752782780e+00
9.941573330393834729e-01
9.929649971241254480e-01
9.837623964027726320e-01
9.732341224273068914e-01
9.655777589195353450e-01
9.500500194290198985e-01
9.348627314635318264e-01
9.224551768193949286e-01
9.147443955160418083e-01
9.054160878158756809e-01
8.948242329546597373e-01
8.805555491718835004e-01
8.710236628174166107e-01
8.374720231078449650e-01
8.247942438863921089e-01
8.046510832629931720e-01
7.831861827184372071e-01
7.649337090079388890e-01
7.461614404472365347e-01
7.300777212598619226e-01
7.128987994525909366e-01
6.955072006393535622e-01
6.748744980090610746e-01
6.576543500556261135e-01
6.408772244482646707e-01
6.212070196859620363e-01
6.079679826134497533e-01
5.916528153164164472e-01
5.763804560971926838e-01
5.587337688962227267e-01
5.408256386802630100e-01
5.170841348161143713e-01
4.962526386680804480e-01
4.740618866154841515e-01
4.474257425533403332e-01
4.196145450124092458e-01
3.957816087087229762e-01
3.742675191175127702e-01
3.531498454774442131e-01
3.290293932330962123e-01
3.105792105100418365e-01
2.969518092508504625e-01
2.844801764947427758e-01
2.765733855708588651e-01
2.663705953666440363e-01
2.583935484383211856e-01
2.536915968915116615e-01
2.515037978383121153e-01
2.498560332377939841e-01
2.479968631793416922e-01
2.439002189010645305e-01
2.282735591797985519e-01
1.963247566491810037e-01
1.547509020946704339e-01
1.080744250577310855e-01
7.262812131848950248e-02
4.101429829262133453e-02
8.943300993382804348e-03
1.550204468431400084e-02
1.335471743266152499e-02
3.288462169548331780e-03
3.021675396461907283e-03
3.483058426813298927e-03
2.267384301222090566e-03
2.080278761154647198e-03
3.297956041634117486e-03
3.511135332794519670e-03
3.763824638078568097e-03
3.325841885699595216e-03
2.850287941514073695e-03
3.385200860232761861e-03
3.951558423209809191e-03
2.631307161833904180e-03
3.800591692786076635e-03
2.055168570194179645e-03
4.831795169573690867e-03
2.606923070302615431e-03
3.606070887923706197e-03
2.111905893114938634e-03
2.816531991134680127e-03
3.015027899365130964e-03
3.688851544455130655e-03
2.667393677071647554e-03
2.492838979124088923e-03
2.354312200389765877e-03
2.288586875363016020e-03
3.364480428815433671e-03
2.132118771709832876e-03
2.693668334186429154e-03
2.079570839420946584e-03
3.871957427183903792e-03
1.700502931203027668e-03
3.716206478814024997e-03
2.263103571154210982e-03
2.185902256462049064e-03
1.506058973592724675e-03
1.732431340807826176e-03
1.269048822699746270e-03
9.922513744701163575e-04
1.476043014419075325e-03
1.790414506909716397e-03
1.764228723487301165e-03
1.469862074653926435e-03
1.882591127415015686e-03
1.517566891003607841e-03
1.292761366127721150e-03
9.600555314506902275e-04
1.129989256611818897e-03
7.935202269680962598e-04
1.147504340690974059e-03
8.980834816306249632e-04
1.829611869930432679e-03
7.090155268517776051e-04
2.225649001887469898e-03
9.982512574205075657e-04
1.737603698080705545e-03
1.610455012385299603e-03
1.457831781847244426e-03
1.602895500619860251e-03
2.244008655807378481e-03
3.989586729185183415e-03
6.804824524185019291e-03
1.048559881763531584e-02
1.422540959070832736e-02
1.713036520607756283e-02
1.899281298064552786e-02
2.122740653923095577e-02
2.488535741877371740e-02
3.554632178174669394e-02
5.094764996203772489e-02
7.361734849643834788e-02
9.656451429391305075e-02
1.235315178922093970e-01
1.486743459570902537e-01
1.712655871106390504e-01
1.979059233055888156e-01
2.229261893414178908e-01
2.500358706821252386e-01
2.740081229726235024e-01
2.955726857820734077e-01
3.182709464696354962e-01
3.394526962757006272e-01
3.603320365055848740e-01
3.793420464505251610e-01
3.959271093019751664e-01
4.166546855504289493e-01
4.331734221529318640e-01
4.476215052271159123e-01
4.731681625953694792e-01
4.968983822648060933e-01
5.234305667588314837e-01
5.433591347633989210e-01
5.614200637098970548e-01
5.887776817922041328e-01
6.170072359298216513e-01
6.428085204243804140e-01
6.650707831456738051e-01
6.851412178227961336e-01
7.110798155964217493e-01
7.325838650805543972e-01
7.561960920498403960e-01
7.750088412710328667e-01
7.989488031909960375e-01
8.179998027089575574e-01
8.360440556575211568e-01
8.625722851168515781e-01
8.820284168914597211e-01
9.083928888285351944e-01
9.259944592627046278e-01
9.510645569116942255e-01
9.714627077382701481e-01
9.977791327063976201e-01
1.018682925614708079e+00
1.037991711642208159e+00
1.061655969169040592e+00
1.082980324731255717e+00
1.109163015326676494e+00
1.126249577686242453e+00
1.140844025355718605e+00
1.147112709631797234e+00
1.147739967595439836e+00
1.150007640433694744e+00
1.150664785474331708e+00
1.149820466621127357e+00
1.148914872397279741e+00
1.140100245858718386e+00
1.143133248479590858e+00
1.143517387867457824e+00
1.147662853705187169e+00
1.144690565966807183e+00
1.136367244342378902e+00
1.135401364163015181e+00
1.130680944104669017e+00
1.126015026053330370e+00
1.123304152871737127e+00
1.118444663222655233e+00
1.123548746559871692e+00
1.125914263167773655e+00
1.124508682232260082e+00
1.117437233649317241e+00
1.111662086529652260e+00
1.104616597849253035e+00
1.102835803237142365e+00
1.100127137164871538e+00
1.098940759927085953e+00
1.107619842416623035e+00
1.099441740197888651e+00
1.095496615175603816e+00
1.094718406854787940e+00
1.089075696306048613e+00
1.088037331435924626e+00
1.086072644736527870e+00
1.079344156044085734e+00
1.074659638235653025e+00
1.069360189332477784e+00
1.074144865335117105e+00
1.072239176933714733e+00
1.072469645637083913e+00
1.063610601263270450e+00
1.059085121777625593e+00
1.060672683626207480e+00
1.057307553226173313e+00
1.051692755217526587e+00
1.047335316822008977e+00
1.053757505649133286e+00
1.049569519451570399e+00
1.043959255611490722e+00
1.040052521796825502e+00
1.038266745163587634e+00
1.037909386055833938e+00
1.035342301566579470e+00
1.032123606736006005e+00
1.030879056649523617e+00
1.027654252773744892e+00
1.025971785824637106e+00
1.016023391286640765e+00
1.013191110409867868e+00
1.014966786749899708e+00
1.020110623091770474e+00
1.021182869520816272e+00
1.016922682092185504e+00
1.008679183995524919e+00
9.944509309510515260e-01
9.904841867647663500e-01
9.943542206881239576e-01
9.998088228043648940e-01
1.007142849225034942e+00
1.013612769789022927e+00
1.024616503687845626e+00
1.032797564980631355e+00
1.039060971039572845e+00
1.050158348119518914e+00
1.059193928471292789e+00
1.071776799077805542e+00
1.072027743936703414e+00
1.081453381618953546e+00
1.084451768708118324e+00
1.088794630181968648e+00
1.098309265360642994e+00
1.117250002231117811e+00
1.127817090955980373e+00
1.134438147410215425e+00
1.135889457452479601e+00
1.144131113533367161e+00
1.149376096717197537e+00
1.157896771563308391e+00
1.157479125780048745e+00
1.156728109032576945e+00
1.157480589866515253e+00
1.150833139256040250e+00
1.149781449640635556e+00
1.145801687031255955e+00
1.151386480266178625e+00
1.143234995251150243e+00
1.140176610347523933e+00
1.134885504856696592e+00
1.133982231471456492e+00
1.136780235664614835e+00
1.132917026597014543e+00
1.124922219659952427e+00
1.117827500315802691e+00
1.110906512464538753e+00
1.104369055024637003e+00
1.097097818763209665e+00
1.087421245160132610e+00
1.079051634165238527e+00
1.066236446482525579e+00
1.063710101909286054e+00
1.057361975849667068e+00
1.050852718691921872e+00
1.043635528970795923e+00
1.033485466995647251e+00
1.030049639907115289e+00
1.027022553179409936e+00
1.018864887855342793e+00
1.014186316740646854e+00
1.013427884175337912e+00
1.013892348472435367e+00
1.009444113173808555e+00
1.003639055233191746e+00
9.989528121419917195e-01
1.011652454444032623e+00
1.017260620949244077e+00
1.021281404302236684e+00
1.023222886830376765e+00
1.030190257664829856e+00
1.035525025076458272e+00
1.042642689006408441e+00
1.054660253654283952e+00
1.054705515676861882e+00
1.049980089760997881e+00
1.056546885795948354e+00
1.061421729112007606e+00
1.071558388699662689e+00
1.080447781955097719e+00
1.088383470300703371e+00
1.097307196715306965e+00
1.102290479515285471e+00
1.108602971742044252e+00
1.113906626340686490e+00
1.124030479621759060e+00
1.124009006342530537e+00
1.126843813098490577e+00
1.125804661390380268e+00
1.117417370438821944e+00
1.117233060333382433e+00
1.122868447378890133e+00
1.122001876492614736e+00
1.116563381087785523e+00
1.109045686028927724e+00
1.110306175748164925e+00
1.108549744210131971e+00
1.099956431280872948e+00
1.099088791127468268e+00
1.092073603210768518e+00
1.086848114654139552e+00
1.072908908436087883e+00
1.056764711782487209e+00
1.040178295835808564e+00
1.020458394733986696e+00
9.988758096458254521e-01
9.811943803789188179e-01
9.754531554572188901e-01
9.600525295151471905e-01
9.542045119519426688e-01
9.463269170243644446e-01
9.418011765092865195e-01
9.405931168805146125e-01
9.346011087431552733e-01
9.352932567705133371e-01
9.304403487465184863e-01
9.287149212192803427e-01
9.268045341202547638e-01
9.248305017024827102e-01
9.253041358292054541e-01
9.251090397488234141e-01
9.273658778405249326e-01
9.224504169672576026e-01
9.181859491018361519e-01
9.225073822971660009e-01
9.308900192106928095e-01
9.431475206331250138e-01
9.424719214828356506e-01
9.585650854842276969e-01
9.662390802754612373e-01
9.707878635337320317e-01
9.746388698624427471e-01
9.803815750315838518e-01
9.924060050964157442e-01
1.000217484050921035e+00
1.012874969006375414e+00
1.023827433182956881e+00
1.033970026248602458e+00
1.045905874487182974e+00
1.053110439117841413e+00
1.068398955977249543e+00
1.082036863121001780e+00
1.098523367287710828e+00
1.114662894037878660e+00
1.124661525203522139e+00
1.136116661896898750e+00
1.144218393419335511e+00
1.152925602353282786e+00
1.164443953353098582e+00
1.177319777080154006e+00
1.182610438444021472e+00
1.182941268585021355e+00
1.177928407363424412e+00
1.177347478757095223e+00
1.171961129042799366e+00
1.166127127176769918e+00
1.161644893785510169e+00
1.161044823151409444e+00
1.159750907110163931e+00
1.158974264053216352e+00
1.160997789870004349e+00
1.154553242568999938e+00
1.147344193809107571e+00
1.135542252097564431e+00
1.135972281544058493e+00
1.128736078745748106e+00
1.118352290561323015e+00
1.107598476019042488e+00
1.099278503198422463e+00
1.078018458198967799e+00
1.062696740572053544e+00
1.047091571071004923e+00
1.034846468479324821e+00
1.019239376002079478e+00
1.006763465946453717e+00
9.888565266243889429e-01
9.673759620113459023e-01
9.479955654149374578e-01
9.375655621852370114e-01
9.357252843337762194e-01
9.347003416659049879e-01
9.354967970045890979e-01
9.302165995640279128e-01
9.297187595755662670e-01
9.244460868809132315e-01
9.172704622381544493e-01
9.191573860722676015e-01
9.194092601511810736e-01
9.216340210120758103e-01
9.278727140001508111e-01
9.323106297691899913e-01
9.351221737110858578e-01
9.407948151249603264e-01
9.408724138904134282e-01
9.517660018759680485e-01
9.561557029860614509e-01
9.711571031205076254e-01
9.746685601069131621e-01
9.794805422701723385e-01
9.886819729660126788e-01
1.011670082965807405e+00
1.018848128495968730e+00
1.025364983227492033e+00
1.025121658080138776e+00
1.032395583355254942e+00
1.056299727235512798e+00
1.067609230108922391e+00
1.065435424796332242e+00
1.068189787812308333e+00
1.073348206641856262e+00
1.085925406932561454e+00
1.092201881960525256e+00
1.100890759423449605e+00
1.109943796264444282e+00
1.120606884728913233e+00
1.124599135972117914e+00
1.127243409711026656e+00
1.136112952600023762e+00
1.138503842788323839e+00
1.141850253281044836e+00
1.156628544841944217e+00
1.167086717175876087e+00
1.177205346672568043e+00
1.183477851002735282e+00
1.198467276876756582e+00
1.206879748133007801e+00
1.206594939007298084e+00
1.207690806859482269e+00
1.208280530012766141e+00
1.211046059147672382e+00
1.203996913872837249e+00
1.195272659663089154e+00
1.192553775966822771e+00
1.185671222251399426e+00
1.194576296836225904e+00
1.186455265175336837e+00
1.185045588244213688e+00
1.175363509125262551e+00
1.170174092489011386e+00
1.171673716441555824e+00
1.167303818555203154e+00
1.160197777441649425e+00
1.148253774845855668e+00
1.142096455157675328e+00
1.148520996892361090e+00
1.148725201142188679e+00
1.141128161671299823e+00
1.129005769769132028e+00
1.121486608527944018e+00
1.110265636028392899e+00
1.107178870496205558e+00
1.109698085364737130e+00
1.106459904435023178e+00
1.100773465354222269e+00
1.090998508109769283e+00
1.080025118425786745e+00
