1.199411570606408795e+00
1.185591748327348149e+00
1.191857997823880355e+00
1.192074059215949111e+00
1.195404215767791323e+00
1.190896558245968517e+00
1.193042350078941549e+00
1.191772852014091333e+00
1.191969006714353352e+00
1.191920978504861894e+00
1.192491184094306877e+00
1.191976609782474661e+00
1.193555753537001385e+00
1.191370271564206273e+00
1.193830719109050698e+00
1.195951866572618316e+00
1.193949707071001232e+00
1.194884094346657433e+00
1.194584141762825791e+00
1.194593946251119032e+00
1.194360687044356162e+00
1.196708220519559829e+00
1.199026137469490827e+00
1.195849919801108996e+00
1.191653155543309861e+00
1.200130900320097949e+00
1.204539080748665336e+00
1.188871596164871258e+00
1.195158639292022151e+00
1.198320339783987221e+00
1.197338113213045396e+00
1.198222868066841196e+00
1.199206586230121774e+00
1.197569358390098593e+00
1.196896893936885808e+00
1.197812685101945496e+00
1.200362206512901375e+00
1.200488870013699971e+00
1.200890110278707290e+00
1.205662674405534318e+00
1.203294914417117889e+00
1.199099902126451012e+00
1.201283935403268277e+00
1.201482991439183134e+00
1.205610447835551824e+00
1.204173580969942536e+00
1.205316264914370272e+00
1.207816406881555560e+00
1.205162160988609177e+00
1.206302281111621522e+00
1.203883009369285162e+00
1.203890121502713573e+00
1.202163718965481243e+00
1.200416504193592804e+00
1.203202591579638048e+00
1.197581815311626663e+00
1.193860477764265404e+00
1.194658649339376044e+00
1.191326048175610719e+00
1.190259043355128332e+00
1.186572408423204106e+00
1.185652708411226275e+00
1.178326361969793679e+00
1.175420168888847927e+00
1.175722352328035125e+00
1.178520920376390002e+00
1.173999701633591686e+00
1.166239016379236215e+00
1.164785282157941637e+00
1.159192934744721626e+00
1.159804754095185686e+00
1.159896113013002994e+00
1.154610702273502820e+00
1.153267051629571771e+00
1.150215928721950220e+00
1.150897001318855750e+00
1.154078389580670772e+00
1.155802390686951675e+00
1.157005300374595702e+00
1.156824620888058597e+00
1.154198623674925539e+00
1.159440846636146105e+00
1.160743148111739398e+00
1.169325683807335592e+00
1.176289163841398366e+00
1.182410495494671476e+00
1.185891618910282830e+00
1.192941852866968633e+00
1.199396644264678846e+00
1.200659064480176452e+00
1.205803207684275735e+00
1.207713176283935264e+00
1.213902227627452701e+00
1.216424954507408840e+00
1.216990850366889365e+00
1.219239705017601594e+00
1.220674639426489794e+00
1.223567246853918267e+00
1.225986443861359021e+00
1.228685868584103780e+00
1.231902909263302925e+00
1.230287312242414055e+00
1.241471082144677940e+00
1.240868586710092814e+00
1.241575581955927987e+00
1.246463911938374691e+00
1.250336189991091418e+00
1.249947076289780856e+00
1.250432088043106571e+00
1.255708829505268076e+00
1.258106000124170176e+00
1.262606714865498247e+00
1.263594727514957494e+00
1.263453885225277906e+00
1.267068603493461953e+00
1.267505736371818070e+00
1.274066729918401863e+00
1.275654440943759793e+00
1.274485302044469304e+00
1.273027368294995298e+00
1.271325330808219523e+00
1.270178498247048537e+00
1.267420828775114972e+00
1.266272320537146889e+00
1.265869349449173509e+00
1.264336375864424156e+00
1.269100050039537741e+00
1.263978733803601484e+00
1.265450527786578627e+00
1.264018794906343501e+00
1.261326919211543940e+00
1.264830089187300999e+00
1.261974987893402345e+00
1.260875267840609215e+00
1.262583005502789790e+00
1.264654590698862657e+00
1.262176751559168197e+00
1.262995715620975012e+00
1.262799980853314796e+00
1.265550343333684102e+00
1.263948537718873277e+00
1.266636637083778716e+00
1.264246035349324560e+00
1.264683734590382969e+00
1.261386131894897566e+00
1.268098715730366255e+00
1.263427697964299101e+00
1.260783820607703110e+00
1.262162007428099697e+00
1.262160075355413857e+00
1.265128518967576055e+00
1.257306476171336396e+00
1.250352287506097504e+00
1.249897806919445742e+00
1.247198737969490878e+00
1.247488261472728066e+00
1.245880447709075689e+00
1.239526855615895373e+00
1.234405177107259943e+00
1.231431961450133006e+00
1.227190966867616639e+00
1.221172215937521122e+00
1.217664058662028426e+00
1.213298279747885511e+00
1.208185531548823688e+00
1.201924437152231517e+00
1.195196019765804030e+00
1.188212150915770593e+00
1.179146291098390309e+00
1.170754114953210578e+00
1.157242878163067701e+00
1.143134430425763792e+00
1.129942153204269939e+00
1.112224320909477315e+00
1.097348236424161572e+00
1.084557868289478755e+00
1.070766603919601323e+00
1.059681125311728200e+00
1.043982090672522123e+00
1.037561343353210264e+00
1.022693922773423303e+00
1.004146273485119867e+00
9.840654010030437382e-01
9.666996328975829833e-01
9.420199473933514867e-01
9.208943808755503113e-01
8.971408049163663856e-01
8.748124025319941044e-01
8.540084765810024292e-01
8.306847262797872888e-01
8.138952308808503622e-01
7.946111583568384873e-01
7.780243725120348230e-01
7.585589518956695754e-01
7.420140259549745654e-01
7.314060129320852921e-01
7.282423367869477193e-01
7.235295478710426220e-01
7.225116315988447946e-01
7.182895184022561885e-01
7.145424288721268224e-01
7.112451337781167116e-01
7.069543865751873879e-01
7.035840110550835025e-01
7.001704893425088061e-01
6.965614536200356310e-01
6.926407886260159685e-01
6.882143333791365114e-01
6.877409376870053936e-01
6.888423613173569882e-01
6.936467912576659289e-01
6.964041990434617357e-01
7.026031706107414010e-01
7.032880248525302802e-01
7.045831201531234100e-01
7.082482359600976718e-01
7.149428895481045876e-01
7.220049855528928306e-01
7.280511753494847138e-01
7.338563292018396300e-01
7.421915202662735522e-01
7.461853530160940107e-01
7.530242663467064945e-01
7.610604114610068915e-01
7.743992742238415827e-01
7.841477725762351358e-01
7.872939212733834902e-01
7.949095529885230604e-01
7.950225970895300476e-01
8.065083890025621649e-01
8.180274943412371158e-01
8.287031034064630264e-01
8.356265486419129918e-01
8.372899077505626675e-01
8.395999227437007661e-01
8.349502203859350269e-01
8.377860278009311434e-01
8.397865895678165993e-01
8.434736382416755385e-01
8.429139115721849818e-01
8.406462524399608283e-01
8.443486115491813937e-01
8.446559364807033621e-01
8.475846343137777295e-01
8.493533321107403777e-01
8.488240945297117479e-01
8.539620774347471688e-01
8.541178775743225593e-01
8.565625520881797739e-01
8.556519362745360624e-01
8.534922144006020783e-01
8.569109157005641020e-01
8.536042616672069316e-01
8.520410898185669657e-01
8.503805786695587399e-01
8.488906468389036952e-01
8.459896930948239691e-01
8.394246556294348016e-01
8.338318113410213561e-01
8.213897599841575303e-01
8.137196472046854812e-01
8.007717136011708314e-01
7.844908715433348556e-01
7.675188763038595097e-01
7.500335565518895242e-01
7.308658429102735665e-01
7.083022341945829359e-01
6.894032771934870407e-01
6.678531262859411788e-01
6.511901040540294394e-01
6.387670994493057641e-01
6.297715507960107706e-01
6.131644594373196755e-01
6.058901280765394137e-01
5.815170117469237177e-01
5.803288096163057297e-01
5.689878277057400791e-01
5.451361938423363585e-01
5.488553524729655742e-01
5.380101837093992367e-01
5.073242730481957175e-01
5.175180210255442281e-01
4.830875020065317771e-01
5.028708416138811810e-01
4.990725798574591199e-01
4.625592801052464953e-01
4.886447061269468817e-01
4.843128190524987886e-01
4.494168969833935989e-01
4.768614396469485484e-01
4.400212941928511312e-01
4.712847032102677747e-01
4.631854122094390958e-01
4.277350427180734438e-01
4.493831232743525361e-01
4.416359865283994157e-01
4.130449756847671128e-01
4.243718112266219866e-01
4.109522195788694043e-01
4.191475229968928962e-01
4.227695527644438345e-01
4.285234620460216526e-01
4.402780490511209455e-01
4.475783300137392007e-01
4.695276600048176041e-01
4.687565618138692103e-01
4.963978517183878503e-01
4.892858526167549460e-01
4.991934858731485458e-01
5.376576310496021804e-01
5.274563243762123710e-01
5.721055368587347756e-01
5.663539344679954235e-01
5.921261791476851721e-01
6.339284585799582761e-01
6.358724690219531572e-01
6.843856850531099267e-01
6.820063163151409702e-01
7.266429003378942486e-01
7.263196412160803916e-01
7.513409751620920840e-01
7.961634705699917047e-01
8.031909789165945224e-01
8.466128488912377792e-01
8.485777421749969296e-01
8.938354099217898918e-01
8.969809678447544510e-01
9.217536041133839175e-01
9.655861971842617519e-01
9.680936584474586493e-01
1.002958698762355993e+00
1.012678776769521782e+00
1.042846647129144877e+00
1.075909214160887695e+00
1.090813748912563552e+00
1.120581653542622069e+00
1.138158867933107166e+00
1.166485290263780561e+00
1.179539529294530986e+00
1.193589937637321352e+00
1.211550115242912451e+00
1.228865389643853279e+00
1.250006526995103950e+00
1.262890870086488482e+00
1.282088175721583623e+00
1.296831097024372825e+00
1.310008641261021234e+00
1.325015311450747024e+00
1.333935394319594625e+00
1.334695340231780936e+00
1.333678066423011233e+00
1.329513018529349999e+00
1.342409122700009450e+00
1.340384773106588989e+00
1.342552872283537813e+00
1.347449256158383291e+00
1.350205038794571433e+00
1.352187342954461746e+00
1.350783917863471295e+00
1.357481899977075024e+00
1.352277047137094845e+00
1.358846553796156931e+00
1.368194592960020550e+00
1.368768912841309193e+00
1.374559213852451611e+00
1.373758179798533208e+00
1.384314799590332656e+00
1.381142289186373162e+00
1.384891320525234448e+00
1.389713593687535331e+00
1.393263767332764358e+00
1.398931502714313879e+00
1.401209122941002416e+00
1.401389046797995253e+00
1.404252064665701294e+00
1.405017115973879349e+00
1.412803620086663603e+00
1.417230262045869216e+00
1.420666386015374094e+00
1.423814762942211321e+00
1.424850561772987634e+00
1.430346169866233863e+00
1.428907628517129602e+00
1.437335906058990753e+00
1.439802843867164617e+00
1.442267589892245239e+00
1.441425606190471109e+00
1.447594067594858203e+00
1.452093258652475072e+00
1.454394737174810048e+00
1.461241859654303088e+00
1.464147093370553598e+00
1.463807956821062684e+00
1.464069892634587866e+00
1.459963056723302177e+00
1.469373742487481760e+00
1.464882648674573629e+00
1.461638307673077453e+00
1.460417950512834517e+00
1.456150084344079998e+00
1.456641322615382261e+00
1.453139259307225872e+00
1.449074389359937598e+00
1.448813912680727789e+00
1.442455111288591274e+00
1.444438800799047407e+00
1.440253236436957796e+00
1.437554129774752054e+00
1.431066963358237798e+00
1.426124549990009482e+00
1.425030817456440113e+00
1.413830540192938745e+00
1.408149302316787255e+00
1.392515966713725684e+00
1.381732479514938827e+00
1.364779697689070481e+00
1.345319428972799880e+00
1.321124829739536821e+00
1.305287955926849763e+00
1.283359820972638676e+00
1.260378430393643390e+00
1.232631450943111329e+00
1.210475243035717519e+00
1.184359501963605732e+00
1.160722551625516408e+00
1.133507115239081875e+00
1.109925535161447430e+00
1.081764427772394122e+00
1.051975900185656565e+00
1.029626941542137963e+00
1.001168358136081959e+00
9.765240080909427522e-01
9.493343377891956258e-01
9.226880027389663397e-01
9.007318922924066884e-01
8.784554247874259980e-01
8.625763168989903917e-01
8.453912553642122241e-01
8.318803969708185031e-01
8.189555030570735417e-01
8.015329695689539236e-01
7.828117676759434040e-01
7.678945819278716334e-01
7.595468687816953057e-01
7.508796448016199498e-01
7.429722487417034227e-01
7.341704872590218978e-01
7.216291989525719375e-01
7.144441815761757297e-01
7.085966016255339506e-01
7.045326835411940269e-01
7.010351793638839313e-01
6.993594357360132241e-01
6.973407234142184885e-01
6.960668942217240751e-01
6.955004338558000709e-01
6.884854341883304141e-01
6.803228322367628200e-01
6.825878879245510511e-01
6.850942487361577626e-01
6.974733080413199060e-01
7.085362961828887141e-01
7.228714764289150274e-01
7.322971789772063644e-01
7.413868646894652414e-01
7.519020308189262591e-01
7.634085248151066816e-01
7.828108462970995163e-01
8.018954999092284819e-01
8.189335487950715198e-01
8.354990023018710188e-01
8.486478404230108907e-01
8.670418819772063301e-01
8.823980684261759633e-01
8.999131660976531499e-01
9.208234315202712406e-01
9.373400936005873429e-01
9.576487796497827887e-01
9.713282813426731277e-01
9.864867957848408864e-01
1.003212928917043945e+00
1.022211110710939508e+00
1.041748821314251394e+00
1.057945846615478969e+00
1.072343942003353146e+00
1.090503602916648829e+00
1.105725285561828031e+00
1.132850328313774968e+00
1.153354713509510132e+00
1.167047993874875011e+00
1.174889906169967135e+00
1.194772481783390683e+00
1.212461606729372310e+00
1.226288489027245410e+00
1.241539167311485725e+00
1.257957506436573114e+00
1.277508620030010311e+00
1.286408763208072514e+00
1.304943275624083299e+00
1.317425920595439726e+00
1.322184319816310127e+00
1.345716641932646063e+00
1.373351766226228010e+00
1.386931298403141000e+00
1.396477045569993969e+00
1.404347744112198093e+00
1.427691235467701825e+00
1.443436874655056101e+00
1.456746668653616572e+00
1.470961069080253258e+00
1.473838617252065442e+00
1.476289048942726945e+00
1.474770268478413193e+00
1.473193447778462950e+00
1.468406733865465386e+00
1.469862226463396260e+00
1.468155634628486306e+00
1.470164017843610171e+00
1.465146147979074831e+00
1.463701694734230951e+00
1.471187656021748946e+00
1.470425501482126585e+00
1.468110413818966009e+00
1.463079898232581444e+00
1.453980428327314334e+00
1.458655231300569177e+00
1.456767851314152651e+00
1.454372832588420872e+00
1.455952807494885759e+00
1.450901025120065357e+00
1.447978057283798359e+00
1.438711538950807389e+00
1.439316286871154205e+00
1.439514674364364755e+00
1.436572664769653729e+00
1.437424667402761758e+00
1.428538588395921405e+00
1.427333412011202229e+00
1.426103370210975108e+00
1.420151480767944507e+00
1.417272434979587770e+00
1.423483483168013874e+00
1.417534351535044257e+00
1.410654967401385518e+00
1.407659972637128387e+00
1.404525702432871448e+00
1.398164068648176217e+00
1.392200546442787790e+00
1.384437927986653438e+00
1.384539211538064363e+00
1.380428665763837381e+00
1.375847889485619202e+00
1.371086606229951155e+00
1.367641371323132349e+00
1.373816557566239771e+00
1.368884983125240984e+00
1.365989628467219719e+00
1.364960950541479479e+00
1.359400677320348638e+00
1.363947394479676500e+00
1.361882267559034076e+00
1.363300631345375713e+00
1.367638715845883812e+00
1.372547760735419731e+00
1.373760141214128705e+00
1.377421694092729076e+00
1.379078922460728496e+00
1.384487842575478078e+00
1.389947652997955085e+00
1.391510371909125299e+00
1.398516312926243232e+00
1.395120919517061742e+00
1.397951039349006219e+00
1.403963061084215092e+00
1.408425522467122937e+00
1.405508521828072732e+00
1.409382224316370946e+00
1.410882406847813630e+00
1.419974191216729853e+00
1.420680262341763811e+00
1.420874774059883272e+00
1.423018406063112362e+00
1.420380130239772942e+00
1.427645160419156678e+00
1.432751520003654244e+00
1.425593769855983295e+00
1.423306230038817954e+00
1.424109934052203874e+00
1.424768467474039735e+00
1.421375286124234583e+00
1.416894203499233562e+00
1.417201649795732266e+00
1.415243031909652505e+00
1.409053993515003711e+00
1.402351730916507000e+00
1.406014798382308362e+00
1.407819384469978896e+00
1.406377170449837566e+00
1.402969598898555326e+00
1.402277305751576719e+00
1.404595324466119344e+00
1.395582283930048240e+00
1.401934270072062949e+00
1.402933583257031325e+00
1.399561050066707502e+00
1.399521862573333886e+00
1.398895028622339387e+00
1.402355325656516882e+00
1.399490745751444498e+00
1.400204270071532253e+00
1.396004808008403986e+00
1.392441147226134879e+00
1.395991735259010991e+00
1.388759675869291277e+00
1.385253295543768859e+00
1.386993463255178138e+00
1.381078585628773725e+00
1.380325806389377963e+00
1.370216420880260744e+00
1.367012463464297500e+00
1.360530672155750853e+00
1.363857407071535466e+00
1.363439201939554257e+00
1.354643033860245982e+00
1.349285675363276038e+00
1.342936563322434607e+00
1.343859132588508531e+00
1.337803306658826186e+00
1.333298393598002285e+00
1.335776645871210366e+00
1.323819061872760550e+00
1.324133300135440061e+00
1.321295740155950416e+00
1.318038755390494199e+00
1.313344296670042821e+00
1.307366101306270068e+00
1.306634955850968893e+00
1.302450757442559448e+00
1.299528192035545704e+00
1.293935477992372629e+00
1.287112520811140026e+00
1.290197936697530245e+00
1.283109281166441740e+00
1.283304702278186049e+00
1.276433761006667389e+00
1.271834752675154778e+00
1.270713399235936958e+00
1.263515065365792056e+00
1.258112504168861667e+00
1.254817183118233981e+00
1.249731262293710232e+00
1.240841307017041650e+00
1.230907347043347144e+00
1.222306652212878264e+00
1.214501331900964987e+00
1.205710294696239249e+00
1.198220854406244706e+00
1.185318884680511831e+00
1.175021259748439961e+00
1.163721612299855712e+00
1.153323448612124436e+00
1.137618382943712536e+00
1.117950359814495531e+00
1.096745553326421208e+00
1.080353475182792788e+00
1.060135140054972336e+00
1.032871044826263907e+00
1.008980361335972242e+00
9.807517469937279131e-01
9.549655546525253058e-01
9.252841571001595433e-01
8.961653039413041144e-01
8.690475103087723641e-01
8.340011403323926986e-01
8.083868862157929103e-01
7.815507341725822510e-01
7.559514286235285985e-01
7.283680949494684143e-01
7.071408591480082828e-01
6.772550031062970488e-01
6.431307629755798061e-01
6.269767284612025593e-01
6.088867655547769431e-01
5.715073516169589807e-01
5.725998774199150265e-01
5.346331511697715033e-01
5.495071535554065800e-01
5.441757363720178819e-01
5.138315720555051147e-01
5.335071914761793099e-01
5.260717407908765963e-01
4.981278112877397524e-01
5.136602948722372997e-01
4.911335284836492177e-01
5.004303164910122170e-01
4.943522923161319804e-01
4.791717567171490666e-01
4.837739637889710287e-01
4.784792441106779926e-01
4.769446240709324658e-01
4.798187157919497903e-01
4.895290937773460471e-01
4.927481184868918174e-01
4.979490472044000859e-01
5.124977549188652892e-01
5.061438176450342441e-01
5.222353062739243379e-01
5.149781475669858999e-01
5.279987706824784688e-01
5.622999760384503887e-01
5.517167484377368813e-01
5.866455880492752462e-01
5.717821264135990456e-01
5.845036510824960230e-01
6.214761135331489106e-01
6.157451198647834190e-01
6.578691993178146236e-01
6.451621770501397846e-01
6.580420652325460473e-01
7.016109986216948480e-01
6.952277953047644177e-01
7.305395087600570214e-01
7.380553488823191621e-01
7.728597026580078522e-01
7.881688126152108786e-01
8.107875670419817382e-01
8.358900903176249564e-01
8.537992508265992431e-01
8.764148173584164203e-01
8.946114626560539573e-01
9.166085058720413459e-01
9.359228926320809494e-01
9.587770298276746539e-01
9.770532625860041120e-01
9.974405865941098348e-01
1.013694655180465531e+00
1.031093141479101583e+00
1.051700100920567538e+00
1.070212684363019973e+00
1.087092245988718009e+00
1.104627642215726624e+00
1.121423733613730933e+00
1.139554685544087453e+00
1.155690901808474003e+00
1.167904099849341737e+00
1.188298526243714903e+00
1.203518328682684713e+00
1.219823700996400140e+00
1.231239673540117874e+00
1.242970569353609278e+00
1.260506501567886906e+00
1.280942000799876190e+00
1.294054996346727160e+00
1.309313395484043907e+00
1.319606686977774057e+00
1.334531389024640635e+00
1.354981070170802049e+00
1.368421452417838413e+00
1.380379792912956427e+00
1.393042942328740930e+00
1.409770909803736094e+00
1.423835815380849468e+00
1.436559399897452849e+00
1.454098651940747278e+00
1.471848271938745345e+00
1.479112541103709599e+00
1.503579843140654626e+00
1.510743253575845824e+00
1.513780373791688394e+00
1.511175722794841247e+00
1.509477164120202053e+00
1.506423476025669173e+00
1.503112831757681622e+00
1.506580608003955879e+00
1.499915060298143032e+00
1.513085791900981247e+00
1.505016947193273280e+00
1.504119951789048004e+00
1.503330397765866744e+00
1.502940090196217993e+00
1.505258710391224275e+00
1.502514714655412531e+00
1.495729628862572991e+00
1.493130908761245212e+00
1.487597791573566308e+00
1.493608740939683210e+00
1.491497095670346162e+00
1.482371617595881874e+00
1.484131634629459962e+00
1.479817352781499062e+00
1.480329868072319810e+00
1.470064096739369885e+00
1.472411159669591463e+00
1.476181995459891150e+00
1.467331185614117572e+00
1.462958534864600812e+00
1.461793121429743714e+00
1.458614591141443206e+00
1.456112951721715065e+00
1.453889624232489686e+00
1.451844530955767043e+00
1.449920811106226948e+00
1.443161122156004561e+00
1.446795596555991548e+00
1.442888003252303708e+00
1.439716415331291577e+00
1.434986911271955767e+00
1.434906485884050342e+00
1.433219314496027019e+00
1.431540867545743945e+00
1.427990661169088016e+00
1.422269928773944647e+00
1.420145192618267105e+00
1.416640640985795452e+00
1.421751147008441185e+00
1.408443655191209398e+00
1.404522994496007149e+00
1.403882925860257425e+00
1.401941588008367878e+00
1.398272123046393700e+00
1.397406252394836956e+00
1.393774285023172466e+00
1.384472395797024857e+00
1.383931746768061855e+00
1.379136840943072428e+00
1.376850920848080362e+00
1.373036912655009489e+00
1.369963027467901329e+00
1.371371106328713951e+00
1.366481698491642804e+00
1.365107719048363144e+00
1.365257409813612988e+00
1.362707938245985240e+00
1.366133188651249997e+00
1.360593003183069083e+00
1.360091961002922734e+00
1.359482339000453566e+00
1.356547388758653661e+00
1.360829370361846591e+00
1.355923063274753426e+00
1.356530630217321898e+00
1.355675543990580101e+00
1.352609260700770699e+00
1.354637315785991669e+00
1.353519391511804448e+00
1.351110395262933750e+00
1.353113472248678173e+00
1.350006146401475648e+00
1.350757862896981409e+00
1.347354148117705597e+00
1.346864999638974325e+00
1.347073695138620630e+00
1.340954988053857155e+00
1.341877072453068642e+00
1.338617200220821424e+00
1.331224548674745600e+00
1.327506062936193887e+00
1.332051603792088645e+00
1.324495685700132652e+00
1.320850669851692416e+00
1.316889579694691115e+00
1.312015950427884770e+00
1.311951176323957746e+00
1.307628861914460261e+00
1.306778590942155205e+00
1.298683250661502919e+00
1.298040993082373085e+00
1.297528480444955168e+00
1.297277667368647691e+00
1.291281126989474837e+00
1.288601549895415310e+00
1.278442488296465784e+00
1.283124936403052141e+00
1.277189205662205174e+00
1.274100845225198730e+00
1.269051406339879673e+00
1.272568417247118777e+00
1.269789455175436288e+00
1.263743777013901948e+00
1.261123056745483639e+00
1.255210056407248587e+00
1.258635075194267428e+00
1.251584979351419324e+00
1.252355461399411896e+00
1.244195357887261322e+00
1.238450707280729368e+00
1.242458644945358959e+00
1.236447107660595846e+00
1.232260620717131161e+00
1.227501586403230149e+00
1.214428827666148791e+00
1.202876732158146167e+00
1.179466393062118312e+00
1.164532605176824553e+00
1.150747458636948384e+00
1.122732235720734772e+00
1.107944416092588202e+00
1.099327713915531968e+00
1.095323335533486375e+00
1.095872404127009148e+00
1.098004130536428091e+00
1.096097160135909743e+00
1.085604941998281392e+00
1.082877034380427927e+00
1.079235182447273900e+00
1.077919284341660289e+00
1.074247870147662320e+00
1.069252457186404603e+00
1.063742438812939950e+00
1.062770878922829398e+00
1.054052213065291621e+00
1.053787896866053231e+00
1.056255510568601341e+00
1.062536524008006023e+00
1.066876145460816439e+00
1.074603095356275961e+00
1.078028145523543424e+00
1.082017475838291221e+00
1.089997884609553491e+00
1.095532017816858827e+00
1.099387117007285086e+00
1.105893605159546933e+00
1.111915431888671701e+00
1.121822436939869716e+00
1.127253848428812599e+00
1.135839057422554532e+00
1.137892911892503855e+00
1.145441696713928703e+00
1.152720059646397788e+00
1.162989610094178339e+00
1.166786406339110904e+00
1.177162907062039521e+00
1.183056414665008216e+00
1.191506279181487216e+00
1.203669255778480052e+00
1.209502088475834070e+00
1.219596124068090148e+00
1.228359757736942948e+00
1.235693530552860686e+00
1.246370111411091219e+00
1.257622902436541068e+00
1.272175745278705250e+00
1.280834663410062690e+00
1.294240456965524144e+00
1.301717887902756443e+00
1.309264063152675073e+00
1.326252997694950198e+00
1.335733097546628834e+00
1.342541476830005909e+00
1.360319493426917603e+00
1.366348756017898625e+00
1.373510398615478190e+00
1.383482462102108235e+00
1.388213588459497272e+00
1.404612881711131855e+00
1.413333164492683647e+00
1.423204250482677846e+00
1.428627722523708288e+00
1.436429083757133185e+00
1.443318616098385965e+00
1.441442571230412417e+00
1.443349404348453824e+00
1.440678937371054680e+00
1.440432552154258472e+00
1.438223587285076155e+00
1.436801962781481867e+00
1.436939195747676257e+00
1.434448547969783716e+00
1.441204028919784719e+00
1.433987956950261156e+00
1.432633202075196399e+00
1.428144644902934246e+00
1.422912454565729456e+00
1.424891734284788214e+00
1.419063293184516628e+00
1.414578412094807724e+00
1.414158789874529143e+00
1.412230031827917953e+00
1.411131870767867058e+00
1.401228604028308178e+00
1.394416854662393623e+00
1.393315886452402674e+00
1.393927058872860059e+00
1.393075514721714425e+00
1.386607122316836582e+00
1.380596095445857596e+00
1.375980877114235224e+00
1.374946923936284149e+00
1.372489487772643679e+00
1.367218400531684530e+00
1.365572383717969185e+00
1.356736276907851924e+00
1.359222344023921725e+00
1.353251344071851214e+00
1.346718009932326154e+00
1.343742715134615517e+00
1.338858990742199717e+00
1.340629210534028948e+00
1.334751675483220490e+00
1.325828992017946462e+00
1.316713798797476853e+00
1.300317667608322347e+00
1.281539185012299242e+00
1.259805237498750285e+00
1.235831202508999915e+00
1.208650136933419939e+00
1.178315133714423535e+00
1.156988892236350042e+00
1.126188928212277451e+00
1.094902585165742126e+00
1.062866282337331603e+00
1.037182034646438655e+00
1.000992443794674003e+00
9.715957236250568618e-01
9.391712733227096654e-01
9.030108226300048724e-01
8.731381145327465898e-01
8.403956750570192868e-01
8.080453712820521162e-01
7.867447777825407051e-01
7.742793564509531379e-01
7.742551716447837462e-01
7.725020539306738376e-01
7.707681194407842717e-01
7.690751692399556694e-01
7.625622074074925871e-01
7.640980910369237211e-01
7.575012891526690106e-01
7.547310515646721285e-01
7.516099494161961880e-01
7.479768421747255980e-01
7.456398879014037862e-01
7.428336955948668940e-01
7.372334921496624949e-01
7.370555371895216590e-01
7.413375769628905987e-01
7.460629254035499036e-01
7.535978060810978318e-01
7.568187708311029382e-01
7.607967609183391433e-01
7.664411365780857688e-01
7.676520210058621618e-01
7.732404833072876738e-01
7.822714532366283890e-01
7.901814839832602688e-01
7.973975677542707308e-01
7.950762451122119767e-01
7.954655536744482669e-01
8.011648259334153144e-01
8.070847708361791328e-01
8.195322933621775885e-01
8.227120398733462903e-01
8.283279432384453855e-01
8.317779072497367698e-01
8.368686410612387050e-01
8.447425204751024541e-01
8.536277762754407306e-01
8.677013147025041118e-01
8.756541278448799481e-01
8.851259483560888208e-01
8.931728580376347981e-01
9.021487228158312499e-01
9.099771150514696094e-01
9.190535909887435073e-01
9.254926842216528726e-01
9.327229604745436164e-01
9.353586366509456518e-01
9.384983882365230956e-01
9.363011915496922688e-01
9.363504875931289995e-01
9.357627925491230902e-01
9.341234252784927916e-01
9.342611303557400992e-01
9.327228231361823774e-01
9.335924088749621985e-01
9.276559285573204860e-01
9.247942822188526257e-01
9.219644913351370263e-01
9.190552672567718906e-01
9.156677047781607293e-01
9.114484280494640212e-01
8.993480965053086695e-01
8.832679120006423634e-01
8.609106727925094349e-01
8.440405994595926442e-01
8.306296693089328942e-01
8.267465022240210182e-01
8.250862339145478286e-01
8.244459418377215743e-01
8.203466584570263676e-01
8.151449048602388281e-01
8.123011296093024525e-01
8.081515993226000560e-01
8.089748473428717279e-01
8.037401143418395622e-01
7.995783150357329561e-01
7.977094960020080228e-01
7.962642368829777606e-01
7.985131583046888304e-01
8.007777223249116227e-01
