9.167992760236838568e-02
9.437951207834921474e-02
9.805086520878940337e-02
1.044342596615201735e-01
1.147016269408626388e-01
1.279683525547009870e-01
1.408572484707693862e-01
1.545005143918053714e-01
1.659507692421465230e-01
1.741864849176349428e-01
1.816830771165661440e-01
1.887902968505747459e-01
1.968683951611257255e-01
2.048422457950338782e-01
2.119768572933142248e-01
2.187319761008762464e-01
2.230852294818118364e-01
2.241518073662963906e-01
2.315874601651302656e-01
2.344056622438629445e-01
2.363488772554213357e-01
2.418355094570645569e-01
2.513104673487719376e-01
2.632519609450313935e-01
2.677228569461241325e-01
2.746268828187288791e-01
2.820786969784350173e-01
2.939395354413321115e-01
3.038435263309375300e-01
3.173751799435791665e-01
3.266818422676630029e-01
3.372686405250134301e-01
3.535706229417004409e-01
3.661671254941429310e-01
3.829637237615575174e-01
3.926431372343694992e-01
4.041073467253874507e-01
4.212480643830797677e-01
4.370706694147352689e-01
4.502704427166064338e-01
4.646349157364063065e-01
4.775140920404278289e-01
4.955425716187303875e-01
5.102993431832931748e-01
5.295818467727205769e-01
5.452635171166536621e-01
5.592402030035631411e-01
5.771795707351511373e-01
5.900592238732011996e-01
6.079150152896335424e-01
6.234497406391297236e-01
6.393461791372508918e-01
6.551293413582369718e-01
6.655518360231426067e-01
6.838119539904428112e-01
7.006525288051872469e-01
7.172482882707807983e-01
7.317414560945174618e-01
7.419043563599240221e-01
7.558299508542102307e-01
7.673223055333370235e-01
7.874070632194104524e-01
7.939792708356356865e-01
8.024937209285841755e-01
8.027393233296216124e-01
8.078348752288504464e-01
8.222940307933253035e-01
8.318675071684011879e-01
8.454434307266052162e-01
8.493240455168514780e-01
8.488372736979231670e-01
8.483809239172701577e-01
8.430668870575493967e-01
8.403864178567860277e-01
8.451021406640961686e-01
8.418859493371383396e-01
8.442560359498026967e-01
8.343985855743186741e-01
8.369145621425759796e-01
8.393292980405115955e-01
8.398133067526613038e-01
8.431498399325116910e-01
8.439344286401646578e-01
8.373839608692452696e-01
8.353677125511362878e-01
8.330623287353586814e-01
8.297209391258023592e-01
8.301917203612474427e-01
8.296116380332113627e-01
8.265220043344287948e-01
8.261077456070590186e-01
8.249837617853107430e-01
8.250412887676141782e-01
8.270446000425070165e-01
8.188490060348634358e-01
8.129358327097501169e-01
8.063996256516944294e-01
8.012124477408018031e-01
8.007317421188173689e-01
7.982811069923840819e-01
7.969241231076078513e-01
7.901183228878252418e-01
7.860046818086834364e-01
7.826368045780832672e-01
7.786279441664443191e-01
7.766972276064233460e-01
7.677630735842515541e-01
7.595004163484836424e-01
7.508720269316087048e-01
7.366130981332563721e-01
7.299614430934239229e-01
7.124293144590142512e-01
6.982111160395210181e-01
6.827279233549402582e-01
6.674049292522947763e-01
6.516280723683088860e-01
6.364207409934581339e-01
6.204137793062016737e-01
6.019509641276572509e-01
5.843748348127209002e-01
5.615173978386531761e-01
5.405363605739623711e-01
5.163741522363081149e-01
4.967163167280122527e-01
4.801989173859690929e-01
4.620164685321508924e-01
4.635651982385582404e-01
4.490970930729982213e-01
4.510055330477528157e-01
4.378600794724852308e-01
4.455333183563960353e-01
4.351776814300022944e-01
4.412120415490711767e-01
4.400194246521344499e-01
4.300162350504161957e-01
4.276587232964083052e-01
4.171331145159934417e-01
4.317408763713923570e-01
4.380583364929800383e-01
4.640280056007576315e-01
4.799022142774811983e-01
4.866373431777573644e-01
5.126000899270648503e-01
5.238159911218941422e-01
5.413301285539328100e-01
5.616459264868697288e-01
5.766822189273479449e-01
5.949951039191925251e-01
6.108062905227259476e-01
6.287118344141481296e-01
6.416396034198144083e-01
6.572461494319681297e-01
6.707868375364398617e-01
6.860412029064449912e-01
7.012629805364107849e-01
7.169755007380891332e-01
7.246117369330133950e-01
7.382993315648721522e-01
7.467474065831128938e-01
7.628605724436686719e-01
7.757502087647807354e-01
7.793158144169266555e-01
7.774903053909055783e-01
7.692970218554724404e-01
7.703200473996900666e-01
7.734229984935308000e-01
7.726768295486319271e-01
7.732216529623944234e-01
7.649808511943773093e-01
7.626213454032724215e-01
7.621458562614854548e-01
7.588319228919957471e-01
7.693843069728644180e-01
7.616913750947570394e-01
7.612471955986207517e-01
7.546650281356778178e-01
7.501852060068818773e-01
7.536395040803466339e-01
7.544623320800528665e-01
7.570034290897453833e-01
7.643118668140296279e-01
7.686171282309500752e-01
7.720068586634467600e-01
7.779892409477021653e-01
7.864308636219776716e-01
7.882947782966079897e-01
7.987483517966852409e-01
7.968699253145469230e-01
8.004707808927212787e-01
8.132614682215884017e-01
8.213663682391075804e-01
8.330691481324352665e-01
8.384926279149891304e-01
8.465751703505417503e-01
8.536045341812712461e-01
8.572752378048834609e-01
8.630899262394012839e-01
8.636522205660432938e-01
8.664136677655540630e-01
8.709309356015350057e-01
8.728151304639715224e-01
8.794852971768799543e-01
8.795564748051425408e-01
8.755795087233781970e-01
8.699169938524918821e-01
8.610811557330345645e-01
8.615452327618835504e-01
8.553811256426968601e-01
8.561958955025525952e-01
8.540318014037973082e-01
8.589186111627769016e-01
8.538140046130625604e-01
8.375676707425590006e-01
8.317077525085929679e-01
8.323012689699587074e-01
8.267776645275130010e-01
8.217710740789905266e-01
8.176363593378467298e-01
8.123952072519997625e-01
8.134690863110656256e-01
8.122118509803037956e-01
8.114688079902989681e-01
8.093900203460379084e-01
8.016902870540011383e-01
7.947566282957793105e-01
7.968652584939691641e-01
7.878626035748579337e-01
7.810903303530928321e-01
7.771586587359230469e-01
7.719478570676778784e-01
7.735124805942865667e-01
7.712331813810990866e-01
7.703826722660858106e-01
7.639822840431603757e-01
7.559030333593925732e-01
7.515189782073342650e-01
7.531867610645500699e-01
7.569774402986826356e-01
7.559844251942086091e-01
7.593289360790600462e-01
7.523233105418973832e-01
7.401161833108478305e-01
7.324837796366331366e-01
7.375941908800437430e-01
7.514857732065525209e-01
7.566557862358439523e-01
7.562042905434486206e-01
7.475067859496618006e-01
7.459856356890712803e-01
7.469093215425064436e-01
7.470055470582266377e-01
7.527613489012076053e-01
7.558454877946674255e-01
7.520684758863817043e-01
7.605973791153597396e-01
7.644934905128354385e-01
7.655271782763923838e-01
7.587353816256942052e-01
7.527929355898986818e-01
7.553147937356816666e-01
7.632623518659631401e-01
7.743573253348858820e-01
7.743926548468244020e-01
7.725957642648909607e-01
7.645489180590957501e-01
7.654833865982290098e-01
7.683301963814642699e-01
7.765044654020246684e-01
7.723214462988879925e-01
7.685122187786364023e-01
7.647589907036822510e-01
7.619420291211072005e-01
7.604479561097661211e-01
7.594059469213645386e-01
7.541060437654579784e-01
7.442230328212399160e-01
7.403878429818810947e-01
7.347017195254386124e-01
7.423771888201299296e-01
7.368554678729596352e-01
7.294505948365321846e-01
7.117967131420759319e-01
6.955539425869551318e-01
6.755783814236880902e-01
6.611051687423160628e-01
6.468896338040536209e-01
6.270009663863689298e-01
6.099222496031864171e-01
5.891529405035139666e-01
5.628114883626709197e-01
5.393177969359579382e-01
5.143831550191101387e-01
4.937599593795160002e-01
4.711908519016160812e-01
4.516454671853466496e-01
4.366209933309736502e-01
4.158275269370604321e-01
3.985165690656555793e-01
3.801262537409358377e-01
3.625768853764742561e-01
3.398693735176651076e-01
3.172086531933071551e-01
3.020413299076335489e-01
2.847999533365500047e-01
2.703779101650393701e-01
2.539723376938333721e-01
2.430239281245239191e-01
2.281749073023375818e-01
2.148448871875503763e-01
2.140581749264372780e-01
2.170762241433279727e-01
2.134446888781682261e-01
2.196615017779011969e-01
2.185664292759852967e-01
2.129725425937957495e-01
2.193839195097908590e-01
2.131876865442380586e-01
2.169671081249606170e-01
2.166153934030926320e-01
2.107817047938875532e-01
2.170162597219228440e-01
2.195407546937233612e-01
2.228146078343185565e-01
2.515631504285180120e-01
2.595108335699640167e-01
2.893750071563911952e-01
3.035547754783942120e-01
3.060997613755056523e-01
3.342383886948323002e-01
3.507850153840683105e-01
3.443754465661749697e-01
3.744371699748418880e-01
3.694479910422535096e-01
3.976835050778012581e-01
4.102167876465045993e-01
4.089580160967599687e-01
4.372637561689194374e-01
4.519241164552741941e-01
4.659049566025049716e-01
4.901257632367497230e-01
5.017549149193096802e-01
5.254096233785763292e-01
5.487179106231853121e-01
5.628895150876402909e-01
5.864230461099713132e-01
5.988970093528914740e-01
6.217041229890718501e-01
6.392950798798827661e-01
6.592714912251620429e-01
6.763440442225208127e-01
6.914549982088923352e-01
7.070952956421027169e-01
7.226029768144037746e-01
7.411785149648547621e-01
7.522164022258960303e-01
7.732712655069023944e-01
7.851717217189866371e-01
8.029641527276296653e-01
8.195841571328170705e-01
8.358434761980323424e-01
8.456619811466149494e-01
8.620609921581514623e-01
8.674922486590609383e-01
8.814119802903660483e-01
8.943113969654225004e-01
9.102641221344350830e-01
9.235513899550854555e-01
9.315206801487148081e-01
9.425295661203479947e-01
9.527981596545468390e-01
9.674921108723572027e-01
9.785260999044262942e-01
9.870995897875574077e-01
9.846053083778724124e-01
9.895480760631163442e-01
9.881213866419307212e-01
9.892755638263553974e-01
9.886376463835062633e-01
9.912691630569073764e-01
9.984508904736827395e-01
9.916554604384535399e-01
9.940068361558384025e-01
9.992792769561477106e-01
9.899775169805106190e-01
9.973280820339859298e-01
9.906288613731885073e-01
9.914797796468738378e-01
9.868550045500142920e-01
9.941666089783385285e-01
9.953807326807653233e-01
9.908053045845964801e-01
9.874168387734787444e-01
9.864676900348480215e-01
9.900939591760332670e-01
9.936437518012123382e-01
9.907565553668112868e-01
9.958939443698122673e-01
9.864919453029310503e-01
9.824031668209690649e-01
9.815810229923900287e-01
9.840656616937204504e-01
9.875617762862191062e-01
9.813789446366694147e-01
9.764244546043137074e-01
9.748914791494133203e-01
9.742122582721456370e-01
9.742576631793332664e-01
9.707388162631316320e-01
9.693215274961003436e-01
9.599903734061024929e-01
9.521438158545665331e-01
9.521744712339930139e-01
9.498041175987005369e-01
9.490787864280576525e-01
9.460752127683613733e-01
9.439303486573870083e-01
9.413267499167972119e-01
9.373752324670295843e-01
9.362738314876478674e-01
9.345451304536643855e-01
9.320679442603636566e-01
9.284377692868378551e-01
9.241288875311108875e-01
9.182280697699869432e-01
9.099812405817182537e-01
9.002276435624609885e-01
8.894655631599601708e-01
8.817122355481129548e-01
8.646728786649805487e-01
8.543616954817219167e-01
8.402320980005477669e-01
8.270312591034438832e-01
8.185035569153864543e-01
8.069718180139408004e-01
7.985320069868087067e-01
7.886581464269276642e-01
7.738412258642417552e-01
7.579701700060722525e-01
7.432923921536086498e-01
7.271617423476678388e-01
7.189373239916059255e-01
6.937634130330797566e-01
6.858457563337897467e-01
6.720456904603326898e-01
6.610340554598560514e-01
6.478273734187677269e-01
6.377599441245764833e-01
6.267859915434514928e-01
6.185632368637183909e-01
6.112991794030170345e-01
6.004392060719134783e-01
5.921328247760535568e-01
5.740495849696746200e-01
5.649861055529011855e-01
5.557627416007205889e-01
5.427533154140382621e-01
5.369036244788866208e-01
5.242726262898523837e-01
5.096332793312953191e-01
5.039921408348598808e-01
4.967704167084587841e-01
4.919692982521859936e-01
4.874913113924297936e-01
4.881907989627660704e-01
4.838105512715528134e-01
4.819283833774234971e-01
4.885488861055727883e-01
4.736505892271249962e-01
4.645187068499290750e-01
4.699981013312445333e-01
4.569538689720653024e-01
4.657527664503545162e-01
4.480159261300551421e-01
4.430854542759535275e-01
4.576920557205924611e-01
4.512403424852607370e-01
4.733850882284710293e-01
4.687440461953827908e-01
4.720225187960271351e-01
4.775893772426859640e-01
4.750550244904482855e-01
4.846722464906684791e-01
4.868649657983802892e-01
4.947680373437741697e-01
5.014084581541994323e-01
5.098762290146892084e-01
5.177576092841772448e-01
5.266103866236480080e-01
5.387676539900911887e-01
5.488225321383176647e-01
5.610037111687460332e-01
5.716926813438304444e-01
5.927694268388232768e-01
6.015255189105757072e-01
6.189169196331486544e-01
6.329173743216396364e-01
6.466273752178972600e-01
6.572046841960268448e-01
6.755772406464423119e-01
6.988119052729377945e-01
7.143575940650954692e-01
7.309172457691737179e-01
7.475773173642455971e-01
7.619309908761338068e-01
7.856807117957798070e-01
8.018865872674422191e-01
8.157216106154956403e-01
8.265118165300340269e-01
8.355357317261244976e-01
8.557729315466602316e-01
8.691542084417526182e-01
8.775956978629890770e-01
8.856631483914979563e-01
8.977476670372647183e-01
9.062089333858294182e-01
9.159822205558547648e-01
9.268035293129465169e-01
9.374967582568985991e-01
9.398281370632312059e-01
9.403107954726011020e-01
9.346837406663939252e-01
9.313116236935159442e-01
9.325071160382673030e-01
9.377904266702071778e-01
9.339886501029722732e-01
9.252849817041476355e-01
9.178819637337441995e-01
9.097434609907840697e-01
9.218975226956634961e-01
9.156516352924972679e-01
9.161982223884030940e-01
9.189661579585155504e-01
8.957449680276147186e-01
9.041173228201478951e-01
8.991185312001548358e-01
8.907590006613308464e-01
8.869065420614754558e-01
8.822709295010821018e-01
8.826073516888264248e-01
8.732843496250244364e-01
8.720024380098092553e-01
8.670738155943575887e-01
8.660665627424208868e-01
8.650134555454102037e-01
8.496530705667659777e-01
8.474469241324886770e-01
8.452734368336997095e-01
8.558545913817280359e-01
8.550700558758252967e-01
8.565823595110706457e-01
8.615001634848108436e-01
8.677785021763589901e-01
8.827143940978522396e-01
8.846505389070212777e-01
8.898027591899779765e-01
8.913486117330635672e-01
9.044920590715107567e-01
9.271280885162563878e-01
9.341509752004674150e-01
9.481261236070764875e-01
9.484425712416806320e-01
9.549256057361223959e-01
9.626703891578340944e-01
9.803461963358541809e-01
9.964820536479152002e-01
1.004837700406447931e+00
1.011512816439382956e+00
1.027098334377625877e+00
1.027079463905849588e+00
1.037948722939681101e+00
1.041014179658909411e+00
1.048923963732758979e+00
1.055265014321510542e+00
1.057238818100103117e+00
1.058709900257770897e+00
1.057889174639988550e+00
1.059978705172321733e+00
1.059991982263763122e+00
1.056284466021944146e+00
1.049929285123746725e+00
1.046945102914397685e+00
1.046584558861489267e+00
1.044030223267699231e+00
1.045804019470102819e+00
1.047532770405030567e+00
1.028000108350379804e+00
1.032008655694564236e+00
1.029413562908330082e+00
1.027995230764325640e+00
1.024260082547550077e+00
1.021285952982555534e+00
1.016602938470661854e+00
1.012074277662228905e+00
1.012405869524466873e+00
1.003006062906115492e+00
1.006996509858963273e+00
9.997173873208873296e-01
9.948718946468780855e-01
9.915487972358745239e-01
9.908646507667705494e-01
9.880021395008097285e-01
9.849697627398644739e-01
9.827233625441507137e-01
9.760709411157513227e-01
9.707536434636779843e-01
9.715705515656221092e-01
9.678473771600133446e-01
9.620492619256919564e-01
9.602658592479338395e-01
9.543024193885702999e-01
9.516108761698086616e-01
9.456613868273330281e-01
9.399910649370906146e-01
9.330255468422061771e-01
9.224470498486270209e-01
9.159217473263994158e-01
8.957707191351236276e-01
8.833098294994216060e-01
8.682570056436013095e-01
8.530065231209893462e-01
8.331343723655501021e-01
8.117378477840108131e-01
7.884685447676125225e-01
7.645937864458739464e-01
7.388831940555015132e-01
7.143265839807990680e-01
6.861211957303435804e-01
6.592135654212926132e-01
6.334870940937017414e-01
6.067503542122173466e-01
5.791322942046061018e-01
5.566343322102278446e-01
5.250793459456837287e-01
4.959381806153768668e-01
4.636048679586980414e-01
4.364654221814255886e-01
4.016551500621541315e-01
3.701400080736544917e-01
3.379895535106758331e-01
3.079440241563728975e-01
2.664975208143225971e-01
2.451641682306016090e-01
2.253702900768784212e-01
2.018068859820283389e-01
1.971201423344002279e-01
1.892089451335183803e-01
1.853907000579898268e-01
1.768975078859218453e-01
1.658870256935715548e-01
1.509889572080689857e-01
1.408125483885789841e-01
1.329083572001134583e-01
1.263167249571902351e-01
1.197684509688777127e-01
1.129348492905339479e-01
1.057173775095251456e-01
9.406025983137794588e-02
7.806509782824289090e-02
6.325952758294271783e-02
4.890492141805576759e-02
3.723990807605296466e-02
2.658888058523022416e-02
1.723196185996666435e-02
9.455855253651153022e-03
6.155592285976180765e-03
7.561074527056923372e-03
2.062425709223632189e-03
4.342879238425472951e-03
6.160126646858648386e-03
4.215213633486928485e-03
4.824222557169885288e-03
5.540095795725464775e-03
5.231491286242403484e-03
6.631143683971840036e-03
4.650227948376692115e-03
5.303576610344858805e-03
2.431376013381507557e-03
8.959917564458854192e-03
5.535338794080352579e-03
7.021582524528625566e-03
4.441085552249094542e-03
6.088197205632128566e-03
4.053802802287234490e-03
6.029647325327163604e-03
5.460460383622177741e-03
7.594278148240740309e-03
8.430653939488198800e-03
7.051547840098153393e-03
4.806456706816213814e-03
4.554418373844032301e-03
5.454762812182975540e-03
4.125165236805491964e-03
2.920106976121173478e-03
1.734625359025172928e-03
2.193831304508642947e-03
1.738159906116305440e-03
4.285144435743349668e-03
2.851686603589883347e-03
2.957630170494505821e-03
2.300788078142702604e-03
5.295674110081927295e-03
3.959491115760791456e-03
2.320369883628238799e-03
7.178613987452387357e-04
6.191518244160743294e-04
9.394147739200834702e-04
1.515956832800344255e-03
6.391374071094016104e-03
4.773832490498238802e-03
3.331481475357135884e-03
1.551393274264199328e-03
3.545593903886090203e-03
1.624846150803931294e-03
9.668304238281856663e-04
2.447016434414331972e-03
5.195627070711068829e-02
3.535638028086712098e-02
3.163982566235765820e-02
3.450893107462583986e-02
2.896968111429965367e-02
3.644732450127802920e-02
3.312630549825841542e-02
3.800075667364860577e-02
3.540405102696253525e-02
4.137506053266346018e-02
4.279538707401389641e-02
4.812273938960172359e-02
5.046516774639167591e-02
5.440035826804547059e-02
6.133323073730832103e-02
7.083042492274595203e-02
8.662093144536442413e-02
1.064854392713399794e-01
1.181320961336248948e-01
1.366562300027114318e-01
1.522225302870574559e-01
1.649931419823339740e-01
1.805866712933446583e-01
1.894515237556644305e-01
1.993770677111555423e-01
2.109532397363578227e-01
2.205151603099765323e-01
2.311414220095141525e-01
2.437628961543366057e-01
2.651571073880732987e-01
2.881179987070348614e-01
3.188492301424760700e-01
3.410604852241023166e-01
3.666507035250627933e-01
4.027953285165096209e-01
4.254803339475914381e-01
4.558658201247430819e-01
4.912265969521565911e-01
5.083703879099997769e-01
5.432977544870267739e-01
5.501632752812117833e-01
5.721731891929751068e-01
6.091604719678248570e-01
6.156459327585599439e-01
6.534370168285165148e-01
6.607984414489521674e-01
6.870415340971155471e-01
7.185421669045028992e-01
7.359560732779978354e-01
7.658592086801702115e-01
7.903608586255801427e-01
8.130481631580499524e-01
8.330894511419371096e-01
8.524969222968215021e-01
8.750805910281711508e-01
9.010444916399437121e-01
9.215088809717407736e-01
9.433375246242641232e-01
9.657726708859725173e-01
9.894834374501046970e-01
1.014970183027499084e+00
1.038433580832727410e+00
1.055781729696055882e+00
1.077089462708223477e+00
1.095550184814173322e+00
1.113310463163537323e+00
1.126145164396254117e+00
1.144195309140935590e+00
1.160291543240945522e+00
1.173079020879408185e+00
1.186664167319167795e+00
1.200520780516650454e+00
1.206298870281833358e+00
1.210953887716955446e+00
1.204583876709910850e+00
1.199120355288310957e+00
1.198145219098827763e+00
1.192305333309303439e+00
1.191901317106512037e+00
1.192696096656751914e+00
1.192992899331750456e+00
1.191335856548711547e+00
1.187282679146849595e+00
1.181034180381500986e+00
1.178243416655899045e+00
1.177781371829360157e+00
1.177160909113383003e+00
1.174152446753456758e+00
1.167218211414092544e+00
1.161527504220545737e+00
1.159250859044094639e+00
1.157420447823650278e+00
1.156427776821953746e+00
1.152472470758715950e+00
1.146869489443256729e+00
1.140826188905208260e+00
1.137198077690211306e+00
1.140743940600722039e+00
1.134028265832256910e+00
1.132057383118135974e+00
1.125360896724014736e+00
1.120904655761275404e+00
1.125387921770079069e+00
1.118942928495669120e+00
1.116133474812361026e+00
1.112689976408447690e+00
1.111722015697218735e+00
1.106608433952669390e+00
1.103599323379707897e+00
1.099618479993378584e+00
1.098540493723406675e+00
1.099324802554896729e+00
1.103585585128393776e+00
1.100427056217071486e+00
1.105527509297832278e+00
1.087629679623502987e+00
1.098648328641953276e+00
1.096278839181080045e+00
1.080104682658596271e+00
1.075872637905344487e+00
1.067826549936115255e+00
1.081311953851574970e+00
1.076158077985438943e+00
1.080033608111896859e+00
1.078353785281646493e+00
1.076512469751138124e+00
1.067433247591209833e+00
1.052354544055132290e+00
1.052785339124505004e+00
1.052343524401646135e+00
1.047282756948048510e+00
1.051052297728609641e+00
1.063236503003466948e+00
1.062119597380359659e+00
1.068061862341813439e+00
1.064149533947225335e+00
1.066396862931994205e+00
1.057023186830320149e+00
1.058378370402256019e+00
1.052985532362071819e+00
1.051341611624403205e+00
1.043882282135376816e+00
1.038229329716584326e+00
1.036767181613729161e+00
1.028383082135347459e+00
1.034773988560242275e+00
1.031807433017115416e+00
1.026227907022754904e+00
1.019682340187547887e+00
1.012328740498919855e+00
1.015074065053001462e+00
1.013919126235988122e+00
1.007169211158292610e+00
1.005400878421246036e+00
9.974416453900595281e-01
9.943512658885288458e-01
9.795831841970125131e-01
9.580006590057680294e-01
9.402675710954714328e-01
9.248133728967017353e-01
9.054361062816834727e-01
8.843865245507215311e-01
8.590982943146275863e-01
8.422139602674643122e-01
8.180737475083538213e-01
8.000493647891647742e-01
7.851267047311080161e-01
7.612074181995515110e-01
7.404025868508866681e-01
7.172425688520847054e-01
6.980938243539337451e-01
6.709979209823774271e-01
6.532638463252530281e-01
6.232866147324624961e-01
6.063737456571851592e-01
6.146153330062867903e-01
5.519030797044608416e-01
5.804498720473689755e-01
5.402120525991820355e-01
5.412444395688680299e-01
5.302635300646502126e-01
5.225048800552376527e-01
5.124171741523591006e-01
5.086918700001282767e-01
5.100418666117279010e-01
5.014126228879930425e-01
4.957350783710373077e-01
4.956284264792883976e-01
4.842756439269981783e-01
4.800953618106571508e-01
4.831992523699539244e-01
4.743731885525446779e-01
4.769507657357029973e-01
4.694394428546489473e-01
4.728406859250473548e-01
4.836211483378738962e-01
4.776087580161038071e-01
4.888775930552956561e-01
4.766874171106175173e-01
4.766515092159555045e-01
4.875008337964281679e-01
4.868015392000609731e-01
4.981923747645690126e-01
4.975220239330639949e-01
5.083747755820063885e-01
5.173090535479232255e-01
5.230951938143250102e-01
5.310298440699091627e-01
5.416081846426969992e-01
5.558948398326934992e-01
5.735726845143889197e-01
5.871670216685191956e-01
6.050493488527908248e-01
6.217400699499040506e-01
6.381241660840859531e-01
6.545140740360750886e-01
6.695550073215196241e-01
6.872380943991689417e-01
7.071319146622491170e-01
7.171430135409442297e-01
7.340016465738370410e-01
7.485906708191761849e-01
7.583945315746978277e-01
7.625662095836560628e-01
7.654104503550609451e-01
7.658197005794019629e-01
7.630362382874485982e-01
7.672561528212406001e-01
7.670610126633566894e-01
7.686816732367424132e-01
7.675254240586447674e-01
7.690025523430323862e-01
7.670631216159013999e-01
7.692269412927935646e-01
7.665033883827276906e-01
7.654130929131945926e-01
7.651195660356135964e-01
7.610177307084105003e-01
7.600566034855051889e-01
7.557951616097933201e-01
7.532416157266222934e-01
7.509320496189649807e-01
7.455654885572490231e-01
7.416250299226425646e-01
7.319376206728461787e-01
7.227005564823555384e-01
7.132539695540792701e-01
7.029794036169439986e-01
6.894011887856741350e-01
6.764248007059766588e-01
6.654742886215024855e-01
6.588476016723379125e-01
6.534589404342697749e-01
6.493323516025560904e-01
6.458983003276601575e-01
6.383403402043709152e-01
6.340349675612199087e-01
6.288846175373781211e-01
6.254130154008515907e-01
6.201626669432901418e-01
6.166173027125328998e-01
6.115818509209470788e-01
6.104639248368524118e-01
6.070619084621931005e-01
6.055607930591502264e-01
6.032424446317453670e-01
5.994712439361205014e-01
5.981844040366843807e-01
5.959597768100981519e-01
5.940598494574097499e-01
5.879672144649396026e-01
5.852598884565634041e-01
5.802747258399152397e-01
5.737277563510142508e-01
5.628788573317778932e-01
5.549527377600740330e-01
5.439012841022580202e-01
5.319602343099506525e-01
5.215598080894544575e-01
5.095614486787620745e-01
4.967889982659050019e-01
4.850162083840869887e-01
4.758300627314380749e-01
4.622740386170082205e-01
4.533788660652444125e-01
4.385366882058286953e-01
4.223873822456054583e-01
4.222107144805197221e-01
3.711463159955303848e-01
3.696486793629880085e-01
3.425675715813701339e-01
3.215391523096903237e-01
3.047787509467866918e-01
2.871244271827950723e-01
2.759875220902964776e-01
2.693095841026951764e-01
2.608193805791433895e-01
2.593999597852085226e-01
2.582356546918264661e-01
2.564797609264090616e-01
2.533408626493703908e-01
2.527848603531412386e-01
2.512882827597692770e-01
2.473182402354864029e-01
2.488215943465672264e-01
2.472376698516159377e-01
2.464114024155989180e-01
2.451415658691852018e-01
2.435520700481574319e-01
2.413893916595630240e-01
2.420537150345474231e-01
2.372643290006788142e-01
2.355621563726724155e-01
2.381228259544015402e-01
2.354780028751902454e-01
2.355223601552181023e-01
2.329841353943880311e-01
2.312097769449401319e-01
2.302669760433970481e-01
2.287880085995775414e-01
2.276952974584393885e-01
2.310511293962202173e-01
2.272554405334176464e-01
2.256188840558064623e-01
2.244996722363629960e-01
2.249600256679207544e-01
2.240058556662260780e-01
2.239969026294729160e-01
2.277115338494261065e-01
2.357527772334377658e-01
2.473057238965846172e-01
2.592097226571513091e-01
2.707229323848693303e-01
2.817525799281824228e-01
2.930724777661819491e-01
3.017555505515644443e-01
3.092406692942537005e-01
3.170498948397889039e-01
3.247362757934748045e-01
3.343952336680052206e-01
3.408548298840110014e-01
3.494966878967484258e-01
3.562605618107461125e-01
3.655615650687187301e-01
3.764601189371524770e-01
3.875875762365503241e-01
4.014396707201856596e-01
4.113047385114009247e-01
4.051959133836570692e-01
4.008511084055032536e-01
3.916659584737470778e-01
3.877128993163604376e-01
3.819338113980416671e-01
3.788832280846923806e-01
3.755680252117060136e-01
3.736211306267410714e-01
3.737241428419634803e-01
3.702531032716627202e-01
3.623708565436791762e-01
3.560602307839553782e-01
3.533119650738633100e-01
3.522779186519209293e-01
3.498234468634044414e-01
3.480311237041128214e-01
3.438233054202274874e-01
3.386853470560938772e-01
3.341366897959410776e-01
3.101235018853118475e-01
2.756876862644889181e-01
2.347751934018352804e-01
1.986366879145007036e-01
1.614563044848276729e-01
1.264293640297431409e-01
9.322338301428176321e-02
5.726345745037682289e-02
2.599166088139959543e-02
1.112898012411812866e-03
1.823271348413489992e-02
9.750021294750858478e-03
4.155158329582218230e-03
4.873030797968636897e-03
4.644333650119529880e-03
1.528887647516786758e-03
1.119332102019860017e-03
3.166242288108349345e-03
