2.889880945925597522e-01
2.932554008509798971e-01
2.989384530951574859e-01
3.062071636829534760e-01
3.157193730529368469e-01
3.235178480912953014e-01
3.379849323717059040e-01
3.556868437507949565e-01
3.602380124038840892e-01
3.732980521205876978e-01
3.857419895366935858e-01
3.946794056072800982e-01
4.027072442738771074e-01
4.174757732991817849e-01
4.288488028642538641e-01
4.427961022493681065e-01
4.531698437288456116e-01
4.688605899493603624e-01
4.821762179375902457e-01
5.026638790326302120e-01
5.048709584801841510e-01
5.254210958501474016e-01
5.360381177420404653e-01
5.500058911447526233e-01
5.605984531898982048e-01
5.689027618937948505e-01
5.808966384136751149e-01
5.896266723115370922e-01
6.068984378728714546e-01
6.160591755932833813e-01
6.302858082712143872e-01
6.427117402539884727e-01
6.563872894283947490e-01
6.691456233488777272e-01
6.833945414732083279e-01
7.126709736666270167e-01
6.901857159273813158e-01
7.200955943312009611e-01
7.368281127696778565e-01
7.477297578257620092e-01
7.622158813408311806e-01
7.709964176603255614e-01
7.882232194375514700e-01
7.943484978433678068e-01
8.221778438404131473e-01
8.080995321709546486e-01
8.285135862664686490e-01
8.322215931498188057e-01
8.434934410000441973e-01
8.509592946370484468e-01
8.642734665832734198e-01
8.713378202090169555e-01
8.883451990313423474e-01
8.989364932978036737e-01
9.085106118985739609e-01
9.184556457603147983e-01
9.287434971136815376e-01
9.420594771414497748e-01
9.548970152841906867e-01
9.692946373096912316e-01
9.745814464577652325e-01
1.007389522076100441e+00
1.024601196940759351e+00
1.030466584635217009e+00
1.043332865469983828e+00
1.054647732686166739e+00
1.064083518865797995e+00
1.069724896444619322e+00
1.071492081482812164e+00
1.069074134068604520e+00
1.067813188352027431e+00
1.064962355621048795e+00
1.076289000190303602e+00
1.076175536251493980e+00
1.079267268189517681e+00
1.074940819781958545e+00
1.066082499869444922e+00
1.061727610764308993e+00
1.058833220558885957e+00
1.067590333609139019e+00
1.071113068918509104e+00
1.076639072844823408e+00
1.075843396408541208e+00
1.075763370584279066e+00
1.078844824843361305e+00
1.073545574074178388e+00
1.085329518353125744e+00
1.073505313661478056e+00
1.082195623652987049e+00
1.084885383740649356e+00
1.090813567001469586e+00
1.092474529877613065e+00
1.095387007356826814e+00
1.112485788481323290e+00
1.108799709337050521e+00
1.095721023329217392e+00
1.113806298367133074e+00
1.116207618377680788e+00
1.126096081197758059e+00
1.130113950530030387e+00
1.140862808379938143e+00
1.139712206157729169e+00
1.143472203367321249e+00
1.146393504390052387e+00
1.151642185035908428e+00
1.158653516890497004e+00
1.164432075785134524e+00
1.169388561107363111e+00
1.170296615390904904e+00
1.170418477271818691e+00
1.184510843001755465e+00
1.190322132354519002e+00
1.191383720839071181e+00
1.194019442248162033e+00
1.204347821690843645e+00
1.201853573275119658e+00
1.208863624430142725e+00
1.217216640362364322e+00
1.222584881587163386e+00
1.224867165851966089e+00
1.226531618554649539e+00
1.230266211689262423e+00
1.235066512440429864e+00
1.237587258968323445e+00
1.243779689673141009e+00
1.245557598426366264e+00
1.248066129132731295e+00
1.255626517581125423e+00
1.250440302892704469e+00
1.265990886808525229e+00
1.268359721713108179e+00
1.271947142898377070e+00
1.272958911269669757e+00
1.271135580700263112e+00
1.274992037777324949e+00
1.274176918555035343e+00
1.277491274681241240e+00
1.266624482049801825e+00
1.272609709063575512e+00
1.312102551609925616e+00
1.218270872778828062e+00
1.254808094987691414e+00
1.250052053408230668e+00
1.247528986831203168e+00
1.236305143851349486e+00
1.213835304135047810e+00
1.202966156912971929e+00
1.199274277576057202e+00
1.188497946104462022e+00
1.176967300260542304e+00
1.163325512834809672e+00
1.152516180280376723e+00
1.139936537622328716e+00
1.133769685293227525e+00
1.127393033147557899e+00
1.125921188702439180e+00
1.121184707587719931e+00
1.116116316461701619e+00
1.113042837482432601e+00
1.109026441011214947e+00
1.101180505995386527e+00
1.096943785218973177e+00
1.093416612113091047e+00
1.097002527299888675e+00
1.096570978458369261e+00
1.092657726352831427e+00
1.086746458808652616e+00
1.082758524291582036e+00
1.064950719821044611e+00
1.056798086841498563e+00
1.050373059087800431e+00
1.042522034764417960e+00
1.035489903250117916e+00
1.021077714364321043e+00
1.013968296041867889e+00
1.003581473070479069e+00
9.946603825597176707e-01
9.884641085940125693e-01
9.799479410661832146e-01
9.707648500099945732e-01
9.615972174140425821e-01
9.531303966820316997e-01
9.438713430681097138e-01
9.195490423349657050e-01
9.136174269169217155e-01
8.902967788596434229e-01
8.862172403467766246e-01
8.757739625941582950e-01
8.760594447972516186e-01
8.691720179862438833e-01
8.426315993298307827e-01
8.467274392259422910e-01
8.420991857301237671e-01
8.450079900578276737e-01
8.387375457767991538e-01
8.407657368806106257e-01
8.409632783168116132e-01
8.380833251738023515e-01
8.357434684329634322e-01
8.383852026402184299e-01
8.530409358181705315e-01
8.261339913278324953e-01
8.449978277158604056e-01
8.478055938064871233e-01
8.564599521865001730e-01
8.565470566480170023e-01
8.718350284748032086e-01
8.831463810316746432e-01
8.976303950636131956e-01
8.987686516286881311e-01
9.111955254324853870e-01
9.264443425473098959e-01
9.387215022105926954e-01
9.501322006970934764e-01
9.617334219346099777e-01
9.723114576428295575e-01
9.837394254714874053e-01
9.951564449767767995e-01
1.025140457605002497e+00
1.000117666766069835e+00
1.033657470916580001e+00
1.045347592578208307e+00
1.060177329166851923e+00
1.061675503446082969e+00
1.078426580464204587e+00
1.092983575766722337e+00
1.098869649518162683e+00
1.117548908682025610e+00
1.130278304969281500e+00
1.138183225130335652e+00
1.152746183973988314e+00
1.163556678336800099e+00
1.180547306131930929e+00
1.198909901203980333e+00
1.203962138029777806e+00
1.229028132739842460e+00
1.223527069103920395e+00
1.240447939321793980e+00
1.246512432971008000e+00
1.254228911238306043e+00
1.273807641098100740e+00
1.284032226657294107e+00
1.287836909427888976e+00
1.298711691170949090e+00
1.312964761953702819e+00
1.323612473082212304e+00
1.338835797948959572e+00
1.344207945998727505e+00
1.367431104470151704e+00
1.377966311828332957e+00
1.378233736544957955e+00
1.387423569439182325e+00
1.400116093577919107e+00
1.408209652693018565e+00
1.421875582178479869e+00
1.425175663574363316e+00
1.439042186875953755e+00
1.449096735703614858e+00
1.446190444363697702e+00
1.471061907017628068e+00
1.468056547785774546e+00
1.487613472803108294e+00
1.486919441291136845e+00
1.489734628332092914e+00
1.503856420881460432e+00
1.501350878014635626e+00
1.507089422717822647e+00
1.508354185275813553e+00
1.514792422951444228e+00
1.519530554800376798e+00
1.528329681436034315e+00
1.527247279376543920e+00
1.527258113904247372e+00
1.530329647674161908e+00
1.538952737919362823e+00
1.537477858376993689e+00
1.545108874686948353e+00
1.540844295757605176e+00
1.540200212171632277e+00
1.527108056442800121e+00
1.514626664491721453e+00
1.498888327893775019e+00
1.481693295624361806e+00
1.483922634578741295e+00
1.467472392976082007e+00
1.455833216367367955e+00
1.440382915641380102e+00
1.425083973916201785e+00
1.416218175034394955e+00
1.396135362809977964e+00
1.388754850754934989e+00
1.372152871776790350e+00
1.358732208505694539e+00
1.348844547090932044e+00
1.332004239789052580e+00
1.306142367015365124e+00
1.296569919922007541e+00
1.289580272698547248e+00
1.279389044353464344e+00
1.264806029202101501e+00
1.255391242577463373e+00
1.247087722403079857e+00
1.238522801749071700e+00
1.226160210562313058e+00
1.213789360573761300e+00
1.203248772432828684e+00
1.194503248554573016e+00
1.188871256390917397e+00
1.193187366313188225e+00
1.139583727806685820e+00
1.140716012396349566e+00
1.125226898935307585e+00
1.116594080738991357e+00
1.100623453572746158e+00
1.082772728967386522e+00
1.079518384000344611e+00
1.080746206980267132e+00
1.075390278947492284e+00
1.057025938027163159e+00
1.044202620284462091e+00
1.035355448799863298e+00
1.026968939424191873e+00
1.024896039186281804e+00
1.015814864004546347e+00
1.011317222752798894e+00
1.004091657637989909e+00
1.008275186070177520e+00
1.005731568894818961e+00
9.891710106933675473e-01
9.901076485160992258e-01
9.909992957893813958e-01
9.898321116939725606e-01
9.875543963438869755e-01
9.843689187938179375e-01
9.759053886886616125e-01
9.730893661235578973e-01
9.724652038417026523e-01
9.718182294173449698e-01
9.680119506582741673e-01
9.682224060514611486e-01
9.665316485376913569e-01
9.673593955535462197e-01
9.627201034996205609e-01
9.589476907117434612e-01
9.571784333305151105e-01
9.536754050754910894e-01
9.501668182649537497e-01
9.449231347111083368e-01
9.426253454544216703e-01
9.446880930324450532e-01
9.486773120267834036e-01
9.517910682767128927e-01
9.580537795229361331e-01
9.645517207772876800e-01
9.698899693824212243e-01
9.740515383291450391e-01
9.786656957609666252e-01
9.821696466374724155e-01
9.874208207612952259e-01
9.872720149086904318e-01
9.892053066182716625e-01
9.900012846330566996e-01
9.925122298001197718e-01
9.976017856130874328e-01
1.000658284200969916e+00
9.821883653100299538e-01
9.896313463503368935e-01
9.907871881250142065e-01
9.924052485625288744e-01
9.881685805821176505e-01
9.913571917695291891e-01
9.898143794455535049e-01
9.860291999885486547e-01
9.897011668631914283e-01
9.870526910236072649e-01
9.892558180109201071e-01
9.874969955026819957e-01
9.858106943844157088e-01
9.813534398382749435e-01
9.806348976552454744e-01
9.763327739873515210e-01
9.718984298182529180e-01
9.682784543618327966e-01
9.606053038897169882e-01
9.635705350395235014e-01
9.656548066459145208e-01
9.433484646591642209e-01
9.489929395260123801e-01
9.441445526334768523e-01
9.488772003428926904e-01
9.382072610936017520e-01
9.387309683862785636e-01
9.330873293380218536e-01
9.363900105021035758e-01
9.379892657282092872e-01
9.412542384147326580e-01
9.405282688919280876e-01
9.446375080107688449e-01
9.519720651933784028e-01
9.590495918063839387e-01
9.546971966315696001e-01
9.548712666396496074e-01
9.533131207474850877e-01
9.562012509361909052e-01
9.631846031604086589e-01
9.616890003400180298e-01
9.643239391116836812e-01
9.648147890731806342e-01
9.706197883575419239e-01
9.720197706190065734e-01
9.640183637594100796e-01
9.741426267341750656e-01
9.793162885039088383e-01
9.860725062866156909e-01
9.872057799758404695e-01
9.860399992084933896e-01
9.862574450923866642e-01
9.842323631475594636e-01
9.858870380350457374e-01
9.839234122476450128e-01
9.796352361754028237e-01
9.794894153352046162e-01
9.786067696914652059e-01
9.849612119570645419e-01
9.774644303307107318e-01
9.773090779781984372e-01
9.718712564219205152e-01
9.864235556131408789e-01
9.616042591366313896e-01
9.794468190186885748e-01
9.753414423540109901e-01
9.727999176047047447e-01
9.870484044928449219e-01
9.703207702679125246e-01
1.000393475403309251e+00
9.724819230686398974e-01
9.941598253276739960e-01
9.971974890989764306e-01
1.006618926154392302e+00
1.010465366425919775e+00
1.019051280393051595e+00
1.016384124163862701e+00
1.026665743835080358e+00
1.032573968771757000e+00
1.032355730428073715e+00
1.040457556830086006e+00
1.043089500194278152e+00
1.049737449902190090e+00
1.053602276559818973e+00
1.059137675708343718e+00
1.059239822039260259e+00
1.067138162373964416e+00
1.069576151024818067e+00
1.074250101979213001e+00
1.079211096846905971e+00
1.083448692239638689e+00
1.091970294703244804e+00
1.091981698926761890e+00
1.098003858975411973e+00
1.101441146584767328e+00
1.105699185364060755e+00
1.106206433961689495e+00
1.107392808848475685e+00
1.113234090197232851e+00
1.121437624902145602e+00
1.128730911799658454e+00
1.126946155019371787e+00
1.131810599809664586e+00
1.133800071368308737e+00
1.136838080598183032e+00
1.139800835982000216e+00
1.144153381476685105e+00
1.145118632288157023e+00
1.141376174596016480e+00
1.141976406566063806e+00
1.140971016960934614e+00
1.144332572316303809e+00
1.138520280897887371e+00
1.136279147723609384e+00
1.134292196212757453e+00
1.132460829987699258e+00
1.125762492138763449e+00
1.124619749446272854e+00
1.124975620309124347e+00
1.118643361373595546e+00
1.116879271502204896e+00
1.114330846930648988e+00
1.112684323109798701e+00
1.110969165463080444e+00
1.109448075063844907e+00
1.109391398187349109e+00
1.108109769529378674e+00
1.106512531148973633e+00
1.103717787938522710e+00
1.100418324227803835e+00
1.103901535763142316e+00
1.100198526489453377e+00
1.101750249158401029e+00
1.102455250358312489e+00
1.098389424544665038e+00
1.089811896647073786e+00
1.087329879162118651e+00
1.082450972590349947e+00
1.081743010911567771e+00
1.070631059620731795e+00
1.061012028045085653e+00
1.045877244231076642e+00
1.032181656635803080e+00
1.013808245855642998e+00
1.004247330027222995e+00
9.854491833991191330e-01
9.681350780277707679e-01
9.552805300541876710e-01
9.489739868113314936e-01
9.494341190390293006e-01
9.467585015334728515e-01
9.403858843824833835e-01
9.407704039255797568e-01
9.368666996955866688e-01
9.319652735454444503e-01
9.307195385140508703e-01
9.191577104007983001e-01
9.261301906579031407e-01
9.217702570423862429e-01
9.084475133497880162e-01
9.205183537057035625e-01
9.242105303739388544e-01
9.109249320263712590e-01
9.252632588107215783e-01
9.095301871947339967e-01
9.256241079716145403e-01
9.276475878288716892e-01
9.180629034267615562e-01
9.329367150442240408e-01
9.432527343154099020e-01
9.473366571964899618e-01
9.495544868217549173e-01
9.502866655495000314e-01
9.627228331626443980e-01
9.740408110241086659e-01
9.853492212808552253e-01
9.914699911181185099e-01
9.978730032238263270e-01
1.008535563104175692e+00
1.019663743758134622e+00
1.032220854942046850e+00
1.049747298600149259e+00
1.060756087239363321e+00
1.071685690696938531e+00
1.081063699379258614e+00
1.090321004175624164e+00
1.096362824994218110e+00
1.102346971578513024e+00
1.111384828778912759e+00
1.115456949844894075e+00
1.122742644707951598e+00
1.124246234688735413e+00
1.121456243108156281e+00
1.123352106829023089e+00
1.121574350972748046e+00
1.120626160583383601e+00
1.123211859213546049e+00
1.124122060253180955e+00
1.120341737583992581e+00
1.116436467446494163e+00
1.111189072058350158e+00
1.105636832420086035e+00
1.106532307085979161e+00
1.101437603957968081e+00
1.096919027542862191e+00
1.096812129137283875e+00
1.092625545044292545e+00
1.093868909636230180e+00
1.097682548018962034e+00
1.101389403569048131e+00
1.101694392427273961e+00
1.103096580140190408e+00
1.105950665318579551e+00
1.108291092235097919e+00
1.111305430906400549e+00
1.108352032112144059e+00
1.108184231869792535e+00
1.115187087800933563e+00
1.116425477105999153e+00
1.118276367351005218e+00
1.118548456658624568e+00
1.122517273053390108e+00
1.125057345759007399e+00
1.122384763454113088e+00
1.120747129554841903e+00
1.118745086315743320e+00
1.114066664745473778e+00
1.113413767327670501e+00
1.114444060745202858e+00
1.109820022532790551e+00
1.107896502812839801e+00
1.109107596354709013e+00
1.105289291551057484e+00
1.099178641468718576e+00
1.092360352678560353e+00
1.087759372866969887e+00
1.091937326072668801e+00
1.082977379586137046e+00
1.079245661776922827e+00
1.071153507797406146e+00
1.062934048152986088e+00
1.065856314356758539e+00
1.055507824703856068e+00
1.048348057773875075e+00
1.045118521093426178e+00
1.041688072830535994e+00
1.036419983329965433e+00
1.027154180074403733e+00
1.019995821141169934e+00
1.011457720613244460e+00
1.012597795560575387e+00
1.007033530698784762e+00
9.989221144355530102e-01
9.921847432519502741e-01
9.883179179515003687e-01
9.867417623890681888e-01
9.819812811166679367e-01
9.752975506031653641e-01
9.715897508486444067e-01
9.641491173312528584e-01
9.651952303631674557e-01
9.596052756710858889e-01
9.607155521810248899e-01
9.538339045053472187e-01
9.425574348591896356e-01
9.452222703632553458e-01
9.388525424837181887e-01
9.337194033616801336e-01
9.257934912351573065e-01
9.153094500444909354e-01
9.087186349300594435e-01
8.976530899758355941e-01
8.863209916570656821e-01
8.774197530683073287e-01
8.597054231735579144e-01
8.462779409931205921e-01
8.311670711185291660e-01
8.194236196013260365e-01
8.118020170469107955e-01
8.062019244977762789e-01
8.016021040214115212e-01
7.982983178694426085e-01
7.960500619190106208e-01
7.938678815823523305e-01
7.960241013427600265e-01
7.940955886629654792e-01
7.924011720465645725e-01
8.011177199680725725e-01
7.848199250995923082e-01
7.912770235926035456e-01
7.932127412999624427e-01
7.789038764635015655e-01
7.932613838643298720e-01
7.743527094464773830e-01
7.958789120917645343e-01
7.927376008153369513e-01
7.765814974105764712e-01
7.966029048399784207e-01
7.970257876081078274e-01
7.859851549284534444e-01
8.040196666445359464e-01
7.909785939283904277e-01
8.101365950086255596e-01
8.157628384911714825e-01
8.047242201264112049e-01
8.223671522449688132e-01
8.110415873424132727e-01
8.298573295785980353e-01
8.366817620441577841e-01
8.281101446116145848e-01
8.420753158280152029e-01
8.465143906572302201e-01
8.422820585791532810e-01
8.554525596848040481e-01
8.535271001822694048e-01
8.644200108479297429e-01
8.649579977612962267e-01
8.581007810149321458e-01
8.681955159828053104e-01
8.731116169080590517e-01
8.634599349375731148e-01
8.793916411233853037e-01
8.803908667356865614e-01
8.778412768891790119e-01
8.864731419275493352e-01
8.717229534674282299e-01
8.828177547949279669e-01
8.836162473847101184e-01
8.647369528577583120e-01
8.746045159194145713e-01
8.708234504848798574e-01
8.526923737291259853e-01
8.680917573674020726e-01
8.586074207584816209e-01
8.725276264113509539e-01
8.751760626560773915e-01
8.692264244554359642e-01
8.765714796589287872e-01
8.829229437481881382e-01
8.843220089799979089e-01
8.973933170798038539e-01
8.874239961553501699e-01
9.005153553717348824e-01
9.030986678913367482e-01
8.951252337270039217e-01
9.101664335191963495e-01
9.145565697787685355e-01
9.098328859861293250e-01
9.257635847097606119e-01
9.225947356697935531e-01
9.363749715827367481e-01
9.409084827506056792e-01
9.412909827225405257e-01
9.531340893082187460e-01
9.607404169081870116e-01
9.566869134411344344e-01
9.718851651584343720e-01
9.712794520980069235e-01
9.830006266352332434e-01
9.894805203258240089e-01
9.855477525434914732e-01
9.996097856862583564e-01
1.005351360007704642e+00
1.011351311141446940e+00
1.022971252394407227e+00
1.024001283239399429e+00
1.028504003579409742e+00
1.036185876438172393e+00
1.037479017436702344e+00
1.048570736193286335e+00
1.048601175867301283e+00
1.062801443139091528e+00
1.063929480669560945e+00
1.065430454174184138e+00
1.072301345856409016e+00
1.080936876632083488e+00
1.091136440023666943e+00
1.087445751035885255e+00
1.094613871743552291e+00
1.101608367815522849e+00
1.106773195195606796e+00
1.112123956885789466e+00
1.118319913242982411e+00
1.120787761507405111e+00
1.123352469226740036e+00
1.130524899375183523e+00
1.136632017033258002e+00
1.142254037082649054e+00
1.146851493655576926e+00
1.154094292998573579e+00
1.161384104364406866e+00
1.170127901201603482e+00
1.173181096626215725e+00
1.187035141934936311e+00
1.176223675742921637e+00
1.187425139155362075e+00
1.259379816093360027e+00
1.136812039151698484e+00
1.207209165667897155e+00
1.216807442776579151e+00
1.225492641037471797e+00
1.229685737003575641e+00
1.233668447220282349e+00
1.239894888653604310e+00
1.246299368148678033e+00
1.249834866767028263e+00
1.254371824829657811e+00
1.265745274397116482e+00
1.276192305080229072e+00
1.276703258672216679e+00
1.283627020383481421e+00
1.290660764161637220e+00
1.297069289188931274e+00
1.312100657801021253e+00
1.326459744351134784e+00
1.325275815250340772e+00
1.330754851351130474e+00
1.339395849420217610e+00
1.346841453668714772e+00
1.356791887558911558e+00
1.361324108297923496e+00
1.368096235576635289e+00
1.375099299926750174e+00
1.380692586576919290e+00
1.389189409306382350e+00
1.394349210653789362e+00
1.397463171737984622e+00
1.402101999608756255e+00
1.402711741686391900e+00
1.410552800065266288e+00
1.407636515755156248e+00
1.412054761722215224e+00
1.409666451831403711e+00
1.412379636669262251e+00
1.412686812276728876e+00
1.411730936617131116e+00
1.410597564586630215e+00
1.408368645898357530e+00
1.411295630371100618e+00
1.411605862973239978e+00
1.407291783891718717e+00
1.412568985791354592e+00
1.416496496154393769e+00
1.406504393566316846e+00
1.402307415677983782e+00
1.397972007630365221e+00
1.394034369520307237e+00
1.390544686857394963e+00
1.395361811372242578e+00
1.393047972426725289e+00
1.389038171115988707e+00
1.387166989593484834e+00
1.382222713516496171e+00
1.386679897624131019e+00
1.376499742683748639e+00
1.375819221542453841e+00
1.369279158564685961e+00
1.366601082892237917e+00
1.365753784830132878e+00
1.355279263038244419e+00
1.351777420931130624e+00
1.348229859617188886e+00
1.345383811372150795e+00
1.339372828731380638e+00
1.333305444906290216e+00
1.321670978100487837e+00
1.301422794183826559e+00
1.288792640605653572e+00
1.270205682503792621e+00
1.247333554709117553e+00
1.226392661201879619e+00
1.205971671388136990e+00
1.191871546882993904e+00
1.167591601668890977e+00
1.147247278163581408e+00
1.122932522397913191e+00
1.102877319565301661e+00
1.085450076431869304e+00
1.069170376314988902e+00
1.062134295238706727e+00
1.050249380345050554e+00
1.039352156841955033e+00
1.033302554975226606e+00
1.019572724233760885e+00
1.013641563562954984e+00
1.006734780931443751e+00
1.010573220366038916e+00
1.009825052359894837e+00
1.014060800046787447e+00
1.009462780708067609e+00
1.012499281034512810e+00
1.012675975893969627e+00
1.001892137047105447e+00
1.000817600818850739e+00
1.003517567035233204e+00
1.004518677290457074e+00
1.011603415054744826e+00
1.002965917172869315e+00
1.011867396279726883e+00
1.022528509268979757e+00
1.018291371703806458e+00
1.034007478946312730e+00
1.042468139838540253e+00
1.038898684641817782e+00
1.056225288775177518e+00
1.060697995877641464e+00
1.047136174772604678e+00
1.066041112951726211e+00
1.056901118285518137e+00
1.077114741765861750e+00
1.081994231087501479e+00
1.082095370094864784e+00
1.099934526802680335e+00
1.103658204776708729e+00
1.090622100273075823e+00
1.107103036942140850e+00
1.105028639997137629e+00
1.124565664146607302e+00
1.130895187382182421e+00
1.118752526829242866e+00
1.141411866242791229e+00
1.138585067366589154e+00
1.132510298672767091e+00
1.145621998567999844e+00
1.138404584829745714e+00
1.157532023766715490e+00
1.157859641574189524e+00
1.154582690606017037e+00
1.165991490066074832e+00
1.163736101603076056e+00
1.171864263119613669e+00
1.174951419181841761e+00
1.180512744446776452e+00
1.184289974023805092e+00
1.175093311586564049e+00
1.174382165238456954e+00
1.169915141636769462e+00
1.171561498739386309e+00
1.168044739715095481e+00
1.163256440300102890e+00
1.161367466008560445e+00
1.154732900145477803e+00
1.150455976638546707e+00
1.134309923432920142e+00
1.125038907451405557e+00
1.111945287066921972e+00
1.103611730481359521e+00
1.080024825960557822e+00
1.059461985340452550e+00
1.046751593792172086e+00
1.023052737011081570e+00
1.012757792050672068e+00
9.940793526489118959e-01
9.678947038065194297e-01
9.588210512989633338e-01
9.359753402650368148e-01
9.110131561876085859e-01
8.896277326708789124e-01
8.505233452317380038e-01
8.441085005225466009e-01
8.162760447032615385e-01
8.167820337393379981e-01
8.108065004569509071e-01
7.758454538595392913e-01
7.866017139990770790e-01
7.465314689494779721e-01
7.546546592550652521e-01
7.586075651093618921e-01
7.172351406251243899e-01
7.543830841922622987e-01
7.157686579612685396e-01
7.592312665452577436e-01
7.605534273552186919e-01
7.268478607871847741e-01
7.458461821890688404e-01
7.131053859295822805e-01
7.323971527748989185e-01
7.272478025548526626e-01
7.133870225126123232e-01
7.329773091346405423e-01
7.196456164341791251e-01
7.304959673168001100e-01
7.330142875466724162e-01
7.287990412462107548e-01
7.337018383322480020e-01
7.371636672864669837e-01
7.397379487497065531e-01
7.436848384180958504e-01
7.493691257639365499e-01
7.495572320540440092e-01
7.516121561597007839e-01
7.509728491514197080e-01
7.530354669502316023e-01
7.468342456034573473e-01
7.497972995488525472e-01
7.523738872436224190e-01
7.569498136744371442e-01
7.547069792667364663e-01
7.560160598165149848e-01
7.444722377994087426e-01
7.358785204717157580e-01
7.453450557389416087e-01
7.229338834117834400e-01
7.309708825203083959e-01
7.007632014492264361e-01
6.903653989383373712e-01
6.971383026999167232e-01
6.839636089091895021e-01
6.863890378646668733e-01
6.976582437216405364e-01
6.905217878750193883e-01
7.020679470400070787e-01
6.936411841007030787e-01
6.907699526286047442e-01
7.100855490685499261e-01
6.958608875006289107e-01
6.922646041386352200e-01
7.138882848650927038e-01
6.909631984877827593e-01
7.290353864837239017e-01
7.072197227669140274e-01
7.052748700032791529e-01
7.323631998273946175e-01
7.111119940350513202e-01
7.230390231940739820e-01
7.544040507109820437e-01
7.369489125353155812e-01
7.620663240499336855e-01
7.524361682592994871e-01
7.623759184868855732e-01
7.803220425313519559e-01
7.833538483525309681e-01
7.944351391193431589e-01
8.066525894733954649e-01
8.124990989461273738e-01
8.276409305742472577e-01
8.379354720117783151e-01
8.464832249870963832e-01
8.579070890842975805e-01
8.650043405336670377e-01
8.698470452483025861e-01
8.906815538164863932e-01
8.987468991206585267e-01
9.071302816629889243e-01
9.145296011816139714e-01
9.225714306270214049e-01
9.351863637663306861e-01
9.446694469366637703e-01
9.571110103214276466e-01
9.582529617391066790e-01
9.715762993421737104e-01
9.799053309689279567e-01
9.858782850357764582e-01
9.946679518021310784e-01
1.002351697722883017e+00
1.002772701100952180e+00
1.006398955266076367e+00
1.008718080144148210e+00
1.013267190827786157e+00
1.013070095416073180e+00
1.014498567036687504e+00
1.022082477702215941e+00
1.022940019536508593e+00
1.017391803673319384e+00
1.017706561445034463e+00
1.019687559641539787e+00
1.020294263291974479e+00
1.020482795758626882e+00
1.019708421265014486e+00
1.015938068707130881e+00
1.018867197283521264e+00
1.015454052369070936e+00
1.020903782369647184e+00
1.016844829322523625e+00
1.015463162090666227e+00
1.021063591205477961e+00
1.010540101835510018e+00
1.006906318840319337e+00
1.008641491299077098e+00
1.007162449867445853e+00
1.006402203854681598e+00
1.010645355705974691e+00
1.007574673823018463e+00
1.002212270172673003e+00
1.009085092204742073e+00
1.002720721027129391e+00
1.009065278965144863e+00
1.003876598937737397e+00
1.000285759926645701e+00
1.005685308506264919e+00
1.000561290265721714e+00
1.006545404143144751e+00
1.005775661020736456e+00
1.013240074848318129e+00
9.959197963677278720e-01
1.000271940286466377e+00
1.000243602196814185e+00
1.003027720997812899e+00
1.001719417987207539e+00
1.006502878780260346e+00
1.007418373944388490e+00
1.003919742951012273e+00
1.002032024377055297e+00
1.001826355283931713e+00
1.002008625221894045e+00
9.981463893118657227e-01
9.943782838941811475e-01
9.928457708254005976e-01
9.897183180528811297e-01
9.864482306224614527e-01
9.847359104322299661e-01
9.820126703450788863e-01
9.752126797398240621e-01
9.784716868373741772e-01
9.745039620264812630e-01
9.684096156265600275e-01
9.784531194615023741e-01
9.314030322559200270e-01
9.434447000710108888e-01
9.304734724451417804e-01
9.203755982366427224e-01
9.041064966812880632e-01
8.837432628856473071e-01
8.643002014167474600e-01
8.337175100821381246e-01
8.074478882843655336e-01
7.917439470307121585e-01
7.630511940445063868e-01
7.391461710282536401e-01
7.177408534189771983e-01
7.000928036508862196e-01
6.948517525299466868e-01
6.970229907687220949e-01
6.941584849312347760e-01
6.835701291827445125e-01
6.731700018413053765e-01
6.703220797157787292e-01
6.624839372240538538e-01
6.558041748778631330e-01
6.655952590062267360e-01
6.397974248298111677e-01
6.549468673578570099e-01
6.259235353310126371e-01
6.578439296299699590e-01
6.231184888290487445e-01
6.166545920543037296e-01
6.575200655408032224e-01
6.178912650429126963e-01
6.659704394761841728e-01
6.327948207849003470e-01
6.404180111129978981e-01
6.841902932010855976e-01
6.460071718850280975e-01
6.931423383476600364e-01
6.592229592804642602e-01
6.571705094409784342e-01
7.018072507662114212e-01
6.713378936309563061e-01
7.066590209076473172e-01
6.951535254482930082e-01
7.078920759806605068e-01
7.386745372213703309e-01
7.363823850506377999e-01
7.549147116854604267e-01
7.692568643083581570e-01
7.773785619991669948e-01
8.060634396109140898e-01
8.070060518883150902e-01
8.293190418220521831e-01
8.429298898933802464e-01
8.611535160675907186e-01
8.766248337820841119e-01
8.928045421223329559e-01
9.099125604507414256e-01
9.217313706222282077e-01
9.362204024627619470e-01
9.412063717637156879e-01
9.585023995637853567e-01
9.701028838659686571e-01
9.763734406595554471e-01
9.925308721484479291e-01
9.981457017694747025e-01
1.006356456761404061e+00
1.018556254746081136e+00
1.028544316693845717e+00
1.032529959244274265e+00
1.041592719596295069e+00
1.040086964344422604e+00
1.051674707543037046e+00
1.048318567501910881e+00
1.053288283041420526e+00
1.055256653258087152e+00
1.061473945287898069e+00
1.059874266854983649e+00
1.059898701219928130e+00
1.067017088453398044e+00
1.069671490951067172e+00
1.068595883783798994e+00
1.063618216971096597e+00
1.072733763499754467e+00
1.058929045976266581e+00
1.068092534686224893e+00
1.072850510264821811e+00
1.067943758544085409e+00
1.071599400201238117e+00
1.067923534840695243e+00
1.063903484194414828e+00
1.074973144846212092e+00
1.074461734195421236e+00
1.078761243978385354e+00
1.086732417703883957e+00
1.085821077856044425e+00
1.095488743862608194e+00
1.097837681798910392e+00
1.108502092482614554e+00
1.111359446062931688e+00
1.115233263274803877e+00
1.118601651376112116e+00
1.121118760954034510e+00
1.124448239154236751e+00
1.131637681937892159e+00
1.136291943529412762e+00
1.141663065801707289e+00
1.146315522684090649e+00
1.159684179439561147e+00
1.156783724712375783e+00
1.163625768885180101e+00
1.168311986925163470e+00
1.178742249671399733e+00
1.186351270267437030e+00
1.194245445371813652e+00
1.201485088094307763e+00
1.200172944618231652e+00
1.211281272734328285e+00
1.216978377530359090e+00
1.226506549586371397e+00
1.227812314396402815e+00
1.235074175831095689e+00
1.245761675701740234e+00
1.255773288274674826e+00
1.256108703885627564e+00
1.258101879423921154e+00
1.261630349100225645e+00
1.269367073072169561e+00
1.273344112713989063e+00
1.280687416872776208e+00
1.286326356719364350e+00
1.282943499975708779e+00
1.288800680755925132e+00
1.298668729087269158e+00
1.305598452936254095e+00
1.303689958308357655e+00
1.305161748541682876e+00
1.294740620271511711e+00
1.299976335430658381e+00
1.303518314857900373e+00
1.310355964733256107e+00
1.320236857332850677e+00
1.322448310799194227e+00
1.328662039003086104e+00
1.331037141204666874e+00
1.328489785996556982e+00
1.332505298318295006e+00
1.345668918404893999e+00
1.349359411551660060e+00
1.356637007604158729e+00
1.361415073250831220e+00
1.365458801286981938e+00
1.363269599337120885e+00
1.366761530992101736e+00
1.368725571870151869e+00
1.366383396025192765e+00
1.375182807781253347e+00
1.374576822119182751e+00
1.380354911110964977e+00
1.379767989567606046e+00
1.381754138969511603e+00
1.397323009504331859e+00
1.396065654520320498e+00
1.402469578249715187e+00
1.407739398875133663e+00
1.418588839984230798e+00
1.424365753808589430e+00
1.435573859295116605e+00
1.434104022813310619e+00
1.438969547790780013e+00
1.445198091264083162e+00
1.445962701386538152e+00
1.444518809767097789e+00
1.454222299646984018e+00
1.457933122404554860e+00
1.462516289528479341e+00
1.473707144570177707e+00
1.470087819819560604e+00
1.480012336474353374e+00
1.464991269786164230e+00
1.476036949180147495e+00
1.473789872340627083e+00
1.478005307726339979e+00
1.478579031905043584e+00
1.471007720813902298e+00
1.478410844610587027e+00
1.472910496240332545e+00
1.479238834906972277e+00
1.477755413986681976e+00
1.473186657574873326e+00
1.483103860076017577e+00
1.473517299450257889e+00
1.466862305838114500e+00
1.469863575657418764e+00
1.466940912499367977e+00
1.471414746911547722e+00
1.469735868958485181e+00
1.461800763574169437e+00
1.464033241641463867e+00
1.465683592404393165e+00
1.467752041964908383e+00
1.469496504596798259e+00
1.466459821551574283e+00
1.467780371765953440e+00
1.464684089784007437e+00
1.460992820006559390e+00
1.456051122883702087e+00
1.461203632960411891e+00
1.456362749896690900e+00
1.455301796901361078e+00
1.455730378206773867e+00
1.458274235147762887e+00
1.457946905618226374e+00
1.456026470101715597e+00
1.461896679487768358e+00
1.447631319138720007e+00
1.449172081270965640e+00
1.456575683685114919e+00
1.457412959481811709e+00
1.456753908438404466e+00
1.440523519234417682e+00
1.441884224090072886e+00
1.441869226912045221e+00
1.446627278079289036e+00
1.443281831585880193e+00
1.446697587679490749e+00
1.441530595227861422e+00
1.444054042512538771e+00
1.436574195233142781e+00
1.443695329109228043e+00
1.446998774074744976e+00
1.449540740505719905e+00
1.448443754176050424e+00
1.448563807215381027e+00
1.455459494054525127e+00
1.452422134868508241e+00
1.454349067906622661e+00
1.453804309209918877e+00
1.455723481843362421e+00
1.453154481556028443e+00
1.451274646762231502e+00
1.454285946132048535e+00
1.448783560355491495e+00
1.459152728246303932e+00
1.449496953169583158e+00
1.447873215742828679e+00
1.443496031748052522e+00
1.449157811551797792e+00
1.446869344639372335e+00
1.449262247157482975e+00
1.459078477168459731e+00
1.455621354456635430e+00
1.460638907118151586e+00
1.447828180322827007e+00
1.442038155904029617e+00
1.440244422800299740e+00
1.443364572231357501e+00
1.440224053661898429e+00
1.436291612427103459e+00
1.430649952359383192e+00
1.433152659749633351e+00
1.426828715690766192e+00
1.434699763624340818e+00
1.429259142483984224e+00
1.425665907100359231e+00
1.428613911495137945e+00
1.429635397620279580e+00
1.429316610246349262e+00
1.424225773786326865e+00
1.429182424721356037e+00
1.435185455284238909e+00
1.430095268609640424e+00
1.432973649264943639e+00
1.428284305764931261e+00
1.424700424461362358e+00
1.419699583671196752e+00
1.418012505219641062e+00
1.416927854710849477e+00
1.423216103552692235e+00
1.419260929565931528e+00
1.418368137613682523e+00
1.425073767358948640e+00
1.427847286010006433e+00
1.432631788267810347e+00
1.433222082769338712e+00
1.431365706545419725e+00
1.428709076476964768e+00
1.433642560779707420e+00
1.438699587655944079e+00
1.433807309825626319e+00
1.432979127547154174e+00
1.436883279706677063e+00
1.428164324297283905e+00
1.436966263460492943e+00
1.437891686539203295e+00
1.438943088683599658e+00
1.446592189029564324e+00
1.445396051108625013e+00
1.444806811492193699e+00
1.451084985384059500e+00
1.456718012177078858e+00
1.460569050034426386e+00
1.456950443740562706e+00
1.461694310974251731e+00
1.457617251540664904e+00
1.465716252895988170e+00
1.466812480856363843e+00
1.462615497912895357e+00
1.459089010484248217e+00
1.461705429985094007e+00
1.468735631085201110e+00
1.468291485390983864e+00
1.472810707248232154e+00
1.472078371577726585e+00
1.468136088665249916e+00
1.474589311590801755e+00
1.473953623097163712e+00
1.477579793147667298e+00
1.478749517304714267e+00
1.476497599425685703e+00
1.482025487222508264e+00
1.490429033684935956e+00
1.492898921466914386e+00
1.497639787061005423e+00
1.506624446539883255e+00
1.498512647116634566e+00
1.493851351751365408e+00
1.495454945549528292e+00
1.504480792010687962e+00
1.515430745894948750e+00
1.506846400413536013e+00
1.489687261185952627e+00
1.482886528492022293e+00
1.493058681818747679e+00
1.501202948646880087e+00
1.494844447844350999e+00
1.494290562514501763e+00
1.490526121682420824e+00
1.501081965814178298e+00
1.508087981430491054e+00
1.508812740533008512e+00
1.500445292008830700e+00
1.498397300549599187e+00
1.489217192379157506e+00
1.490336033418970141e+00
1.491446126739134570e+00
1.494421746873188406e+00
1.492877385891942854e+00
1.486452434019391200e+00
1.493734357356537590e+00
1.486507345632151811e+00
1.486685765089609257e+00
1.487368116818682973e+00
1.486420551771060472e+00
1.486309943243186105e+00
1.487305172862336322e+00
1.484733540497093829e+00
1.479706267102794071e+00
1.483332605160351481e+00
1.488599673973748594e+00
1.484811493527386173e+00
1.480946671464058673e+00
1.496962377822852241e+00
1.493002121476364019e+00
1.499757296184584199e+00
1.490265307377785398e+00
1.508255163365591622e+00
1.494856917486002690e+00
1.507086756141259976e+00
1.494988614106681046e+00
1.495764777374906540e+00
1.490094475710408206e+00
1.486406239633858872e+00
1.486731221185063401e+00
1.495697932092828752e+00
1.498888156809360162e+00
1.490746474393622512e+00
1.490849893955829009e+00
1.483594485280197217e+00
1.479287624728244488e+00
1.476723027888063200e+00
1.478256772163325516e+00
1.466055269007859652e+00
1.465353179595514366e+00
1.464454964514845248e+00
1.470074191831343802e+00
1.484570054914694959e+00
1.469064382478828534e+00
1.459573650917387111e+00
1.434410073574154287e+00
1.423184757346413143e+00
1.415060192897824143e+00
1.403452976998675439e+00
1.383042143874614327e+00
1.361946646517027348e+00
1.348612376258605750e+00
1.332496729047472073e+00
1.316308721955025351e+00
1.290792722657431169e+00
1.276434702992181647e+00
1.270063827043282023e+00
1.230475935222510309e+00
1.212903998221238844e+00
1.204554952085216124e+00
1.181369925224510897e+00
1.146611307116520706e+00
1.104198115677946346e+00
1.078272011778377060e+00
1.052156279268116723e+00
1.023794543534236157e+00
9.822442881960055105e-01
9.469249234998758924e-01
9.086818392433242408e-01
8.838494963068953547e-01
8.467073611064923622e-01
8.164802074918552366e-01
7.894656114922121715e-01
7.606489343404841952e-01
7.344485903843414043e-01
7.077561117557195081e-01
6.763956440280736171e-01
6.484705349541769470e-01
6.210277843047848911e-01
6.023446568527363043e-01
5.987237451513629516e-01
5.880020325367826262e-01
5.822591943675602399e-01
5.703065506225598602e-01
5.654679996539547782e-01
5.477542174857765733e-01
5.424093463979561269e-01
5.345279166082366196e-01
5.258684392229063809e-01
5.069065821292041418e-01
5.079666193042311484e-01
5.088025801979012552e-01
5.041050091299730251e-01
5.084264273975799275e-01
5.053307232669862481e-01
5.071483820667688214e-01
5.200833888219352774e-01
5.201217985285341294e-01
5.308870594016092959e-01
5.375673416944268812e-01
5.446721762941748590e-01
5.533796933519850025e-01
5.590566236985087256e-01
5.647913299353827243e-01
5.778646871783844619e-01
5.835691204688436828e-01
5.934160556776939544e-01
6.086892318091168264e-01
6.135757277568303358e-01
6.282301095933223722e-01
6.340219293486878405e-01
6.544685025458991667e-01
6.603700666995142576e-01
6.729250948027545309e-01
6.808079319225908144e-01
6.948695484616067564e-01
7.064365269676278203e-01
7.176691082314695658e-01
7.290858887699299684e-01
7.351050547610554764e-01
7.489408330791887947e-01
7.571705933545048728e-01
7.683721619037072736e-01
7.715301904074010064e-01
7.835672022627350186e-01
7.938621679476389748e-01
8.046693684709336214e-01
8.145570973789605373e-01
8.227991819086084568e-01
8.312390493042629558e-01
8.451069287326321566e-01
8.540224310226945947e-01
8.589140847668998990e-01
8.646935869116181284e-01
8.582935171792266393e-01
8.517769586100583101e-01
8.420929734055843108e-01
8.386355916117145259e-01
8.290410916356895088e-01
8.216693085210109437e-01
8.109646880180484407e-01
8.000850596176657392e-01
7.904279034863052056e-01
7.786670855935589053e-01
7.696321352310842023e-01
7.657687605477261350e-01
7.628664939351753604e-01
7.527013625373162320e-01
7.382757494680596277e-01
7.275668548166828176e-01
7.253085444663436299e-01
7.223871438776457987e-01
7.142920533941560235e-01
7.098501577955939057e-01
7.001645505093667676e-01
6.999057748143189261e-01
7.062139925718051714e-01
7.128620575105375501e-01
7.180030370976692167e-01
7.221327962523655941e-01
7.199641273359725924e-01
7.214176599057695594e-01
7.199976989995210408e-01
7.231600274935026107e-01
7.318018430382019490e-01
