1.273054055489967473e-01
1.430476694291446527e-01
1.646163605230603344e-01
1.787249458183963191e-01
1.931945702911133378e-01
2.082011644176023635e-01
2.200226418586714028e-01
2.341637778396211123e-01
2.486629047375850110e-01
2.652833980760556098e-01
2.703918115029027569e-01
2.788801882973633295e-01
2.945434003754571206e-01
3.058124928846757129e-01
3.178994315333814602e-01
3.327775147730527849e-01
3.466456380745739918e-01
3.664242356344035723e-01
3.833251255280735181e-01
4.051694692377264539e-01
4.268331366067726340e-01
4.489726186874972713e-01
4.731476632588333953e-01
4.946119926936127786e-01
5.171942701256483366e-01
5.425411175269474473e-01
5.692771122932224204e-01
5.940899002911462778e-01
6.224787881051709881e-01
6.464800378336401643e-01
6.713828117058050493e-01
6.966609323910742946e-01
7.162107720246323472e-01
7.386878055233532248e-01
7.570340600509416484e-01
7.738273428939761445e-01
7.918569947763318684e-01
7.995038674531066425e-01
8.054099533655140197e-01
8.096948915149188020e-01
8.101746278101451537e-01
8.162214714417316275e-01
8.200966567070444579e-01
8.226369600670307980e-01
8.279203086469504314e-01
8.291182757624943056e-01
8.355505977638264525e-01
8.372073612284255395e-01
8.387583456477607502e-01
8.410651160315356645e-01
8.415207517479880162e-01
8.426297165816509782e-01
8.442466869353635328e-01
8.414185707170255268e-01
8.445362317900815263e-01
8.515761084453474794e-01
8.445911666298886455e-01
8.355538747708480818e-01
8.300827047242009815e-01
8.261124496691844010e-01
8.329697880039200752e-01
8.336866199229138186e-01
8.343726700779682259e-01
8.344638020576956583e-01
8.291324052673513245e-01
8.225260548064643462e-01
8.120958130575766099e-01
8.041963418079332016e-01
8.005928347103119513e-01
8.034904048602862225e-01
8.045463177008695954e-01
8.102770727422548003e-01
8.228223883889989043e-01
8.387960969549352885e-01
8.581499963176282275e-01
8.762976796679078362e-01
8.918869508161166859e-01
9.085916561711243622e-01
9.248714382383178556e-01
9.426776709291289080e-01
9.612071742526697715e-01
9.766654753190332494e-01
9.904699412748815268e-01
1.001221350186549452e+00
1.017299750938079672e+00
1.028931030012908643e+00
1.034793677533015988e+00
1.041268437160523197e+00
1.038725335425935370e+00
1.036935858467698202e+00
1.034851423768718082e+00
1.034428493842988628e+00
1.031836822004309262e+00
1.027096878643131816e+00
1.025555788468941909e+00
1.023477873210637767e+00
1.015372255543135482e+00
1.011550582338716975e+00
1.006050987964617782e+00
1.007547011293883799e+00
1.003012488625511622e+00
9.957214668416574099e-01
9.883243173596567566e-01
9.823970274614276521e-01
9.815876829721016383e-01
9.763940584148271817e-01
9.741882200609102149e-01
9.789332297097458335e-01
9.760537628897066886e-01
9.689583455620329744e-01
9.528866938324702662e-01
9.486403914845665808e-01
9.513275321656317063e-01
9.520531889746298715e-01
9.507621093666908108e-01
9.492926790520554992e-01
9.493395539660522964e-01
9.412452287379300397e-01
9.406842339309477996e-01
9.379153619361053629e-01
9.341620058067982013e-01
9.306767582141569628e-01
9.316698431866058394e-01
9.344357958136216835e-01
9.283132693749636122e-01
9.307449656231322477e-01
9.295706778795673753e-01
9.228749676880377839e-01
9.269146420228833172e-01
9.204522172192305396e-01
9.165320732405369819e-01
9.083038952990031278e-01
9.106768846132292650e-01
9.169799501521862517e-01
9.166709400498371796e-01
9.083051087540060520e-01
9.018184066202873383e-01
9.023773304620592572e-01
9.053341408508759347e-01
9.063352073339684400e-01
9.028955528425716137e-01
9.065595315928056674e-01
9.093058573001319145e-01
9.031009516213800437e-01
8.997383896844536322e-01
8.967685678304743169e-01
8.927127662448449685e-01
8.949661423180982345e-01
8.982584369684537551e-01
9.018667366894741466e-01
9.028218707613948624e-01
8.937255393664225167e-01
8.951661153693694084e-01
8.954345998031163489e-01
8.992848774043860072e-01
8.975637674046520464e-01
8.964303667414450505e-01
8.958420897152854501e-01
8.956701340031663072e-01
8.965687359200940065e-01
8.963374648893788210e-01
8.954761186808701812e-01
8.925741290704202191e-01
8.987534379175314836e-01
8.962621485259080201e-01
8.927856354024289454e-01
8.920920664641376341e-01
8.876774400726158420e-01
8.904609638670250016e-01
8.896977143274108490e-01
8.886709536475052573e-01
8.936679570248057258e-01
8.843684383955016104e-01
8.738613860576294190e-01
8.717772953552324067e-01
8.732876545973362603e-01
8.731484170914932674e-01
8.696953132992005786e-01
8.624248805962696496e-01
8.583905143006124172e-01
8.526490979290172190e-01
8.499806714470169444e-01
8.454005826870416573e-01
8.369556353937662729e-01
8.419527925935711421e-01
8.330287587695679452e-01
8.376830612417272004e-01
8.238889956523582914e-01
8.153922667174593464e-01
8.108534426707860732e-01
8.084850849584687138e-01
8.108231612776835018e-01
8.053157605049742207e-01
7.963127828121256968e-01
7.940727589375170536e-01
7.932324611772871847e-01
7.819571564319722778e-01
7.747973676913632035e-01
7.645723460754338952e-01
7.614817487479574876e-01
7.683978037626961743e-01
7.714861228456287856e-01
7.631231962444385841e-01
7.499120616769686665e-01
7.446836592199616023e-01
7.494771028778643984e-01
7.595564175087307079e-01
7.574441900107927728e-01
7.562451296309058435e-01
7.498141824124102683e-01
7.470913246982952005e-01
7.537968454065629986e-01
7.486764676276874697e-01
7.481795334431717848e-01
7.466935412001222128e-01
7.357849845536676980e-01
7.326530364361257819e-01
7.284057848033476112e-01
7.221931284653269056e-01
7.162297104151333915e-01
7.210012665074722049e-01
7.184945861526282895e-01
7.104330380646733945e-01
7.013738099473084686e-01
6.974169307275284169e-01
6.932967506179393835e-01
6.878702549855815196e-01
6.860799084372103396e-01
6.810455683496418056e-01
6.750254816000570424e-01
6.678911731311145683e-01
6.569816987493976024e-01
6.557384513972146500e-01
6.389058028030959457e-01
6.415639044528160806e-01
6.358592780291214552e-01
6.362725875276814547e-01
6.308482086147756407e-01
6.218076282190722059e-01
6.143939068780369661e-01
6.073545161977350615e-01
6.103344532769923170e-01
6.155399978443328868e-01
6.286977653714426184e-01
6.314475666602885617e-01
6.320062591825370557e-01
6.222039394807177271e-01
6.194035580186190160e-01
6.203996920568701778e-01
6.246768262261256366e-01
6.281517608253612828e-01
6.396152443641137664e-01
6.426598125330260647e-01
6.461921155655204752e-01
6.482714738240158425e-01
6.465992848845990570e-01
6.469015695598282489e-01
6.488209288441654232e-01
6.557730783167079469e-01
6.670640620701179246e-01
6.763565657860041158e-01
6.742482552463541223e-01
6.743749665607641219e-01
6.872509066291804247e-01
6.895375844555182709e-01
7.049042548528651198e-01
7.146737436968335633e-01
7.095801628921754034e-01
7.197805826150458497e-01
7.307989678601602979e-01
7.457981829837012633e-01
7.477421833760337089e-01
7.510413951436455404e-01
7.509340910051095497e-01
7.531196849494830037e-01
7.517701923292873234e-01
7.474239214448027413e-01
7.477199282872174502e-01
7.442380128635158743e-01
7.454415942437142562e-01
7.502289427789339271e-01
7.479097038611424164e-01
7.479444544892165370e-01
7.480583279089670912e-01
7.437767660681232629e-01
7.452021042877471357e-01
7.384147645114367275e-01
7.431756423484563445e-01
7.434410799031800909e-01
7.479358688311559256e-01
7.475081591520784663e-01
7.423214372230075853e-01
7.442190615173054358e-01
7.438314082192525323e-01
7.523976836988746086e-01
7.490680562104712337e-01
7.548839999650828192e-01
7.594886464343344468e-01
7.611234575666686597e-01
7.632872037942425303e-01
7.665208227527472440e-01
7.748983418393488032e-01
7.761923794939394883e-01
7.840754147833176591e-01
7.822345897513357516e-01
7.864495796681256756e-01
7.878359214845925829e-01
7.891230094864367661e-01
7.919083238608589648e-01
7.971395690912298493e-01
7.943503259453498222e-01
8.002619263388852655e-01
8.016232005388583826e-01
7.997227256568915088e-01
7.944253822327144166e-01
7.890647288604095699e-01
7.906371790955657453e-01
7.954538296451674206e-01
7.910553389355485798e-01
7.800021169109573327e-01
7.799600471986076755e-01
7.845437222648438125e-01
7.945995355283961281e-01
8.004466364271114465e-01
8.037848447060359502e-01
8.045640468085876185e-01
8.007319787630426955e-01
7.902520504965059311e-01
7.910661748232044044e-01
7.927403166266767665e-01
7.932472069440005269e-01
7.919548985912928663e-01
7.982281645729468744e-01
8.052032658282058941e-01
8.068529189784950928e-01
8.109085484591342929e-01
8.120612402343405645e-01
8.175256884566945992e-01
8.121478404994798561e-01
7.988099349933325266e-01
7.981626711679945529e-01
7.959942580664369771e-01
8.114784358567143085e-01
8.166817000846675612e-01
8.118368953113055397e-01
8.113277020272199325e-01
8.177207927383577379e-01
8.213815527907506464e-01
8.172663984759739320e-01
8.164787679526517294e-01
8.141330985668627784e-01
8.136443475516369483e-01
8.167711527616660083e-01
8.177991281567997817e-01
8.195784703679934724e-01
8.173169431480946656e-01
8.148377671018842694e-01
8.141927013733888385e-01
8.111354058491422325e-01
8.169254504572385223e-01
8.181197641166436663e-01
8.195540402786080092e-01
8.148542508563134668e-01
8.218472476713168939e-01
8.252764323251812195e-01
8.235547251280020964e-01
8.212798066811810571e-01
8.162033237614113590e-01
8.156455001878779587e-01
8.201043115713287923e-01
8.184482666783785554e-01
8.148697262927534490e-01
8.119834543354033096e-01
8.125059404602106294e-01
8.201612105010371856e-01
8.163132952457163860e-01
8.162722097299435209e-01
8.124509380874403996e-01
8.114556491953659467e-01
8.188691909961780535e-01
8.183608061487043228e-01
8.247296328792784736e-01
8.265409967290879845e-01
8.291725267291623069e-01
8.235502890613268789e-01
8.200181533129211608e-01
8.157136892006716655e-01
8.237977196367762822e-01
8.333968729653516982e-01
8.429462760668914312e-01
8.414464339266264359e-01
8.491470087658395949e-01
8.546558485046780174e-01
8.581227711060436247e-01
8.609759460492593108e-01
8.650707416472823708e-01
8.693611452822787022e-01
8.644910977249290474e-01
8.709244135078493265e-01
8.706195920799981725e-01
8.787507377559635735e-01
8.867008321702766205e-01
8.922171660872982857e-01
9.017028058677436508e-01
9.093563936063921993e-01
9.065249091773905921e-01
9.026218375323494802e-01
8.961140998437683303e-01
8.898937565259853466e-01
8.926992504712814025e-01
8.959004647981784197e-01
9.056680393497624770e-01
9.186159798493820361e-01
9.246748856700554020e-01
9.259924681404942959e-01
9.254791659718178964e-01
9.846567141157619441e-01
1.008361020353037762e+00
1.010305295070112797e+00
9.866762495200586125e-01
9.806678411789083727e-01
9.817645690385866653e-01
9.796123021238105633e-01
9.857356152480125644e-01
9.846654858832524226e-01
9.820385168311535073e-01
9.640201579092162465e-01
9.760358784920915021e-01
9.688593741360870260e-01
9.737146900634847668e-01
9.649361888698957390e-01
9.691540371639076890e-01
9.628647720877637761e-01
9.620610189102957177e-01
9.608527452624712195e-01
9.512123634408055084e-01
9.575534764107138663e-01
9.514361266315470855e-01
9.518492323241026787e-01
9.452472471923276665e-01
9.480908087481200175e-01
9.507993502355498450e-01
9.498725718366355375e-01
9.480945780551710556e-01
9.485880201571770254e-01
9.412036167832824596e-01
9.409647373597554987e-01
9.342201230183162508e-01
9.400022259605289587e-01
9.456448279704509075e-01
9.503297967045039041e-01
9.544245186116412372e-01
9.517000621591581444e-01
9.510185494739220591e-01
9.524369152574491126e-01
9.583800137833103916e-01
9.632584054179509359e-01
9.656204011269517995e-01
9.695047683380195735e-01
9.785802326271539897e-01
9.801951666360529947e-01
9.705952021473946978e-01
9.693689398614376840e-01
9.736628143254428824e-01
9.819137640453179383e-01
9.885361187097979618e-01
9.894812201342839675e-01
9.933161300186885700e-01
9.954023454229364853e-01
1.000308146982289204e+00
9.990977582846287675e-01
1.003615175302809082e+00
1.005768743316069136e+00
1.009585377558788855e+00
1.008648142991295904e+00
1.016885100661034880e+00
1.013437742599821778e+00
1.013877541164652119e+00
1.015406275608028430e+00
1.009783967040503105e+00
1.009798057879656596e+00
1.011394552039359906e+00
1.017059887714284461e+00
1.019461254229551139e+00
1.020470261132021328e+00
1.012234307299573866e+00
1.006368524825452804e+00
1.007005545144451064e+00
1.008887575694527916e+00
1.018038694465750238e+00
1.016131460114337637e+00
1.016389246518774936e+00
1.017387282266734916e+00
1.011745709653720127e+00
1.013775346725963589e+00
1.009234955994581684e+00
1.015839859757594166e+00
1.016878203334066422e+00
1.012484046287206674e+00
1.013965947755199437e+00
1.011724736506579125e+00
1.014037867445256147e+00
1.014318660580650233e+00
1.012086934870995547e+00
1.009776619627586136e+00
1.007039263849439870e+00
1.002056086216912112e+00
9.996190772083708431e-01
9.956393518615106464e-01
9.920615202941241995e-01
9.825399102718522792e-01
9.725276750029687722e-01
9.618452676523290279e-01
9.503254653488887316e-01
9.373824716550366309e-01
9.248385710714348562e-01
9.127333784347791967e-01
8.945547828567902426e-01
8.780418554005028353e-01
8.589146875376852952e-01
8.414856104301714490e-01
8.237876768042335929e-01
8.065471714882092025e-01
7.944974309320764760e-01
7.838269314242658492e-01
7.714375022882788979e-01
7.591679243520919051e-01
7.461043626521581817e-01
7.371958880074825915e-01
7.238010080339235541e-01
7.084817413583426315e-01
7.011306805422317101e-01
6.997367905611054928e-01
7.024887925476541728e-01
7.144680798419738021e-01
7.198587898425534704e-01
7.248742941961997532e-01
7.305913139517142829e-01
7.285174449660938301e-01
7.328022262369767725e-01
7.324340156215394249e-01
7.376097292847030307e-01
7.472778313865742206e-01
7.561556712084006593e-01
7.763424630507400614e-01
7.876040681023944723e-01
7.890241854186855752e-01
7.874924293746636828e-01
7.901914860532798235e-01
7.935523443826115741e-01
8.054256748987889125e-01
8.059890039318369226e-01
8.088824064635707911e-01
7.996078440126681564e-01
7.920642714707113452e-01
7.893128768849584365e-01
7.850009049880138923e-01
7.770070393362331629e-01
7.709740188191185339e-01
7.599280350623105473e-01
7.551268044347630992e-01
7.437408350426926162e-01
7.295610448760536659e-01
7.204036632745330904e-01
7.146221540505487413e-01
7.087447525600293341e-01
7.183799089761355727e-01
7.033902814940568016e-01
7.113164593379356360e-01
7.150990865025614873e-01
7.084223668670648344e-01
7.310075017776872519e-01
7.283825995348984783e-01
7.489769075433923007e-01
7.557836713866139533e-01
7.536812298121620124e-01
7.610676272588396962e-01
7.637998980006582839e-01
7.681570166279103606e-01
7.742470784604950085e-01
7.680364073703178640e-01
7.578425980528886718e-01
7.537552104225457850e-01
7.558939574061039890e-01
7.792409571573037930e-01
7.937174791272942898e-01
7.881292919490791027e-01
7.663492829345263102e-01
7.419915509427730260e-01
7.525285706548104914e-01
7.655886322072308348e-01
7.699531785390372196e-01
7.540460504005663811e-01
7.318011844302806379e-01
7.165250865006858039e-01
7.137034333140521714e-01
7.103096276069827963e-01
6.998769942863384275e-01
6.866001776830571446e-01
6.768142286063845159e-01
6.666785336692098163e-01
6.624636999258283199e-01
6.539168581583723050e-01
6.496904934965792577e-01
6.340718676117294006e-01
6.278496686028135487e-01
5.991228086391338081e-01
5.751147204417980108e-01
5.583678875948026032e-01
5.336532725682583411e-01
5.178691317465115018e-01
4.915665938164667237e-01
4.560262283639482384e-01
4.305634991010510171e-01
4.058686199587226429e-01
3.783866385935944487e-01
3.673443435615639241e-01
3.517471938573069612e-01
3.369345358621985143e-01
3.221136161133352771e-01
3.047890168952941958e-01
2.866779894526450545e-01
2.654287522976344627e-01
2.472691901413733295e-01
2.256458808389141535e-01
2.019055607937441654e-01
1.773067760150681682e-01
1.595629319057619289e-01
1.513927888679372502e-01
1.505451924080274118e-01
1.527175500076775883e-01
1.573346150760291662e-01
1.531403580765486883e-01
1.478473203776518030e-01
1.469546383184771876e-01
1.471809648704623941e-01
1.499015375542465112e-01
1.626038559779129922e-01
1.773953252641837786e-01
1.958660306524864503e-01
2.149486231779267065e-01
2.263243477034889151e-01
2.345808906694213936e-01
2.479472423366703704e-01
2.517948297690000281e-01
2.644308300642670417e-01
2.711001957625909231e-01
2.721632703775969109e-01
2.902038993680414736e-01
3.016206920694707860e-01
3.019338166272197976e-01
3.271382962403234229e-01
3.388096589193723696e-01
3.367627480460174683e-01
3.663381492729987920e-01
3.628764656361118113e-01
3.940195690778697801e-01
4.091092609841766592e-01
4.097704512578445590e-01
4.410820193049730942e-01
4.593613695003155861e-01
4.690466869984584175e-01
4.966271210151420590e-01
5.066560199043407264e-01
5.330435635507199121e-01
5.519949411351815494e-01
5.578126548863969747e-01
5.753675800331056189e-01
5.944273404410523876e-01
6.035612779532804062e-01
6.277002862890309620e-01
6.389086715416204543e-01
6.706091103659751473e-01
6.871565360215292628e-01
7.041388628044793485e-01
7.179576265210413366e-01
7.314724908362576494e-01
7.459718022062810094e-01
7.613650292550888654e-01
7.749094548999598819e-01
7.905322778605987644e-01
8.043728943788518437e-01
8.203327936229590778e-01
8.327369241769035924e-01
8.452894558963185423e-01
8.548808426994809473e-01
8.624068907471805767e-01
8.788183979367666376e-01
8.850714615045783829e-01
8.984521957182726171e-01
9.098040385496386495e-01
9.250533320707984286e-01
9.388175220636739704e-01
9.483257578878278027e-01
9.587207563240794927e-01
9.677289428164693730e-01
9.818476509703398802e-01
9.925043882307299503e-01
1.005740525559781773e+00
1.015394980094218580e+00
1.025176466361278127e+00
1.039601351952997632e+00
1.049061766013896779e+00
1.052324240610912787e+00
1.047711474083443228e+00
1.058020021065191996e+00
1.062841983204511509e+00
1.075509995909001315e+00
1.075868131133796979e+00
1.081450959403365886e+00
1.081505087038450164e+00
1.080268146072184798e+00
1.093711627625641558e+00
1.092030254767979436e+00
1.087162263081329572e+00
1.093226576148100149e+00
1.092051344150633874e+00
1.110804767267473236e+00
1.111083346872748123e+00
1.091804783386973066e+00
1.107414259389739586e+00
1.090400677058637191e+00
1.108521933546971594e+00
1.109566473855878588e+00
1.086430278217298095e+00
1.112990704279572363e+00
1.092377472580307485e+00
1.113177104173782350e+00
1.115647514139101570e+00
1.110583812972779194e+00
1.129786716816908454e+00
1.126898837976610501e+00
1.119839129483067852e+00
1.136016534164723257e+00
1.132976781282188261e+00
1.141509868512280867e+00
1.141857245101669083e+00
1.146356406380938608e+00
1.146821075121289280e+00
1.151638379367731613e+00
1.157776954051956020e+00
1.169611452451581268e+00
1.180677418229167497e+00
1.193468453560179832e+00
1.200092667479527364e+00
1.205296529713744125e+00
1.206642722784384558e+00
1.221154760008484663e+00
1.228652436530762504e+00
1.240740768157789109e+00
1.247343487338390844e+00
1.251048024439328721e+00
1.262236099028551051e+00
1.273012640539899154e+00
1.273573100456059315e+00
1.285505610322326797e+00
1.292237170318107031e+00
1.301291231469638765e+00
1.308487039543340114e+00
1.335565635454848854e+00
1.343434297333568450e+00
1.351021461510642618e+00
1.353354650418799654e+00
1.363818041228937572e+00
1.369770060040732540e+00
1.376529862170679852e+00
1.381947392488050097e+00
1.390196762190839763e+00
1.396233069378147063e+00
1.404503941008914847e+00
1.412213361414188073e+00
1.416175115417772856e+00
1.429316288480783070e+00
1.431440155656186874e+00
1.444336926160457057e+00
1.448798219901691109e+00
1.457556936570608030e+00
1.462310105030186103e+00
1.475042786633324887e+00
1.476274746134022875e+00
1.485990766911635674e+00
1.491783576849234905e+00
1.506538013726770098e+00
1.501612215818495244e+00
1.498008074145317670e+00
1.503503012288814000e+00
1.505055948317127523e+00
1.511495299810845516e+00
1.516857207642837713e+00
1.515977192394475814e+00
1.518047309182247062e+00
1.519656010530894719e+00
1.518236891817911438e+00
1.525579897160406206e+00
1.519687923214960046e+00
1.518428406566175060e+00
1.516256241503840529e+00
1.518123928650525034e+00
1.515953789012271180e+00
1.511817134254057171e+00
1.506658404570121901e+00
1.508528434945062058e+00
1.508315364442806450e+00
1.506580552983345589e+00
1.502544288453355525e+00
1.498648535684933725e+00
1.506470621049421643e+00
1.504857353890584726e+00
1.503038625907609394e+00
1.503185527692049606e+00
1.503366704508264595e+00
1.500943550032898255e+00
1.503567633284746963e+00
1.497560138885706937e+00
1.497509348305868349e+00
1.494945579826428839e+00
1.496256773434327503e+00
1.486036379261101770e+00
1.475382486640108848e+00
1.474070929983632539e+00
1.463728957881459847e+00
1.454481235812129514e+00
1.442864218261655340e+00
1.437216345770070625e+00
1.428628238393167660e+00
1.418028461200292689e+00
1.410866518246429280e+00
1.396445794006839325e+00
1.380409593584041694e+00
1.355204951841358696e+00
1.335853750624584890e+00
1.308712036703085113e+00
1.281086817121878330e+00
1.247107495828401635e+00
1.225327919625282425e+00
1.202962556122734394e+00
1.165208603345553762e+00
1.131927398338948176e+00
1.097557843852098092e+00
1.063789832884717956e+00
1.023775741630529090e+00
9.894078566230068983e-01
9.420730428291446135e-01
9.013648128615281419e-01
8.626287481368537513e-01
8.166569028451010626e-01
7.773788716599636661e-01
7.383634915398800125e-01
6.944404079006911701e-01
6.684840717480304839e-01
6.445489529801449180e-01
5.926910187244341932e-01
6.264051606338894018e-01
5.584919026328968306e-01
6.151507343440756337e-01
6.166216718130557162e-01
5.258935090985301652e-01
5.960224161803482357e-01
4.921433727579022643e-01
5.724237085087067189e-01
4.798287804847137239e-01
5.386896330727037885e-01
5.380420465260924434e-01
4.793004998248322490e-01
5.282146826074529677e-01
4.933752377203955430e-01
5.268133399785122073e-01
5.270708109718827972e-01
5.171436917219218721e-01
5.285941505349970315e-01
5.433255472517287687e-01
5.465761487082732017e-01
5.538789252355733606e-01
5.893717298809698635e-01
5.588588979875541707e-01
6.171856552417228636e-01
5.697647303288860821e-01
5.884782896256126605e-01
6.663955678362810664e-01
6.172951732634324173e-01
6.381654154899060183e-01
7.016337488197514904e-01
6.678179559167031210e-01
6.881134191361769625e-01
7.308584037643410802e-01
7.241216746856914410e-01
7.422897601763512876e-01
7.582413454162749700e-01
7.563273867348905277e-01
7.900585674949143211e-01
7.887385562474599210e-01
7.895957965173648896e-01
8.115665720462300614e-01
8.083478877912910754e-01
8.147926383031059983e-01
8.313101768535032798e-01
8.151722254605560103e-01
8.377809088910848079e-01
8.228215606907461899e-01
8.406779501191290471e-01
8.543811776094173416e-01
8.467981553378067794e-01
8.550206034733534022e-01
8.763718003371456788e-01
8.845440085669287189e-01
8.918750337692044061e-01
8.969560280274589958e-01
8.962910849671635871e-01
9.112650934748562914e-01
9.149045447521871877e-01
9.334633188989511776e-01
9.418981191009941911e-01
9.484945919539301551e-01
9.526380594278843761e-01
9.593280100177536962e-01
9.773561795545351316e-01
9.870038455711791503e-01
9.994744008372774546e-01
1.011139428598560652e+00
1.017275718752124858e+00
1.017954595566463061e+00
1.013886006345687152e+00
1.014456114884945581e+00
1.012842633872388820e+00
1.016153083507414179e+00
1.011833104118407656e+00
1.003525991853881028e+00
1.004848173088056074e+00
9.989489212422171249e-01
9.863220855342642590e-01
9.799944448036974620e-01
9.680643277500939892e-01
9.708876701139724785e-01
9.649888593398757708e-01
9.568127146315382747e-01
9.491391546913748867e-01
9.360287427306691610e-01
9.272416135667276293e-01
9.157213227976478409e-01
9.129338799533888160e-01
8.973888915227945517e-01
8.857120171186896318e-01
8.666417759594008396e-01
8.498862124566188836e-01
8.354972883201511324e-01
8.135775036579807606e-01
7.894393577724648781e-01
7.673732824002931219e-01
7.436532276256415663e-01
7.187075463011782794e-01
6.936610839654875349e-01
6.632514066707710931e-01
6.347088667770062198e-01
6.040286745963909798e-01
5.721832659668909526e-01
5.330485500230762730e-01
5.014102063946292986e-01
4.698741331589694203e-01
4.360997363754780531e-01
4.102010615416036843e-01
3.739447914469067324e-01
3.462725717332995057e-01
3.161534324720769451e-01
2.882606347386927892e-01
2.634196403557219068e-01
2.452298131412696258e-01
2.234510358613090164e-01
2.169146382307854115e-01
2.110475532893725248e-01
2.073427396498333519e-01
2.076354040941064683e-01
2.087534576551098586e-01
2.035855840779788317e-01
2.022741761868596388e-01
2.036974506992100808e-01
2.019921838915151036e-01
2.061077285475704235e-01
1.974296775362285872e-01
1.942009066940317275e-01
1.847137765831486922e-01
1.822562735286687996e-01
1.823113040024146592e-01
1.774084062906162995e-01
1.721671401733128048e-01
1.643226268313248140e-01
1.545821123571491928e-01
1.471342405532989894e-01
1.438988043795221827e-01
1.410846274980154247e-01
1.421279113943257066e-01
1.394701639066461551e-01
1.470650374278590911e-01
1.446187208700583371e-01
1.350464628852024729e-01
1.297481771195994893e-01
1.299719673841447376e-01
1.310130712145827214e-01
1.344562217004602322e-01
1.401780750181889912e-01
1.503206732944358248e-01
1.592224665261040562e-01
1.776638700385630987e-01
2.040105789169688877e-01
2.323002292729968443e-01
2.607716798371051414e-01
2.905058214713395204e-01
3.197218321057381796e-01
3.465575013772727586e-01
3.770556569627455668e-01
3.958538307271300960e-01
4.287092837013070090e-01
4.493639197649593742e-01
4.732356636841895670e-01
4.890482423941506229e-01
5.150220393650136730e-01
5.431644053274244932e-01
5.644486277314518796e-01
5.773821071076867817e-01
5.992331386498490620e-01
6.222141817493641591e-01
6.317882927093519951e-01
6.563776491482908870e-01
6.732640689746569596e-01
6.924269640511721002e-01
7.113838159438085063e-01
7.293503221241506296e-01
7.407814476252869706e-01
7.601115266413243088e-01
7.756428294662689460e-01
8.004524451374515071e-01
8.198783338137356491e-01
8.316310184544791761e-01
8.482993514159801185e-01
8.581573125131340962e-01
8.860372369916313939e-01
8.947553845767826086e-01
9.056726869628700660e-01
9.158643681334370790e-01
9.227444423451309774e-01
9.214286662886507218e-01
9.203203611222864344e-01
9.184306033166728112e-01
9.146701779921341258e-01
9.193291059739854276e-01
9.178915102196814058e-01
9.185472788001183275e-01
9.193156970265368155e-01
9.276734156861604630e-01
9.338295754301607632e-01
9.342899850144635865e-01
9.347601155575959719e-01
9.399487605235544718e-01
9.417872161890238347e-01
9.468748461272084027e-01
9.498745903633820653e-01
9.474643803998610281e-01
9.518615094198190629e-01
9.573228150065632436e-01
9.575437376263634670e-01
9.662859494402650240e-01
9.670363373585608713e-01
9.688390219571584305e-01
9.720340311330291083e-01
9.785644070742930412e-01
9.812574075795206241e-01
9.760987674809974424e-01
9.755207374527958830e-01
9.722680089114605906e-01
9.768547283893898037e-01
9.723921127809335152e-01
9.733672233299932586e-01
9.650296662712635198e-01
9.643078315932303024e-01
9.595850694934509040e-01
9.549429743945386795e-01
9.475127043559139484e-01
9.427707773236595479e-01
9.423811598441986792e-01
9.411274184477563809e-01
9.391665447524925048e-01
9.296594388167378487e-01
9.169024358104702621e-01
9.185026791073680474e-01
9.144325472642216290e-01
9.106549926762580460e-01
9.012102123212635263e-01
8.881517075103055880e-01
8.823792237106879988e-01
8.667551766900317700e-01
8.552574921994564594e-01
8.266779302976037247e-01
8.068951910492428992e-01
7.913832428120588514e-01
7.743450630949885172e-01
7.531921897017577194e-01
7.168933281863996143e-01
6.881808321802741490e-01
6.550836902379443272e-01
6.265215323791153423e-01
6.060293421023135174e-01
5.815585173766418814e-01
5.581893862270301820e-01
5.359900767233042318e-01
5.176060789460306122e-01
5.076801647966009412e-01
4.971570054668703609e-01
4.871857641436881936e-01
4.781725895594672315e-01
4.640734177252041626e-01
4.526858850699312375e-01
4.435980789565694971e-01
4.344538705251010380e-01
4.246894887593403167e-01
4.159896932951585025e-01
4.021793966192260261e-01
3.873107205550089804e-01
3.742332097750914466e-01
3.594120929196235048e-01
3.494861182811599964e-01
3.345935884374410252e-01
3.235980997431768258e-01
3.128211289382009097e-01
3.056578995725359182e-01
2.939615599246749311e-01
2.791425233639036607e-01
2.645966864068617364e-01
2.504030888996111037e-01
2.310736101754166105e-01
2.189738551111974629e-01
2.060061846758558246e-01
1.964536806298345373e-01
1.808303422132692129e-01
1.707000852564159454e-01
1.591901977140578739e-01
1.495470428818801434e-01
1.420775740883954696e-01
1.315177457061473543e-01
1.246477123117666480e-01
1.165486811691995445e-01
1.060972942003995112e-01
1.002802201537797977e-01
9.517250830102126635e-02
9.127864031492533003e-02
8.523189446693986426e-02
7.693723457289206036e-02
7.230713504986163720e-02
6.913603143033254794e-02
6.241171922267642336e-02
5.873135295231263903e-02
5.572415489970802133e-02
5.234337986018928329e-02
4.766056360376041967e-02
4.378918658694708199e-02
3.848004513026707235e-02
3.597596873514898042e-02
3.086158009692888463e-02
2.657458539070994830e-02
2.097343766432815254e-02
1.716695689417103640e-02
1.447344109704039490e-02
1.249769932196291566e-02
1.240212141452068026e-02
1.214728931806955368e-02
2.194493547610040438e-02
2.146370223307879355e-02
3.229670659602836696e-02
3.269621573606236453e-02
3.487468324528603808e-02
3.316379941742011311e-02
3.430442324632634182e-02
3.909487883464731611e-02
4.328793981962855697e-02
4.791704250515285007e-02
5.124420351888150926e-02
5.808909355124509954e-02
6.108954502071942821e-02
6.906501343259698056e-02
7.185897838389940229e-02
7.766532057053793237e-02
8.207873949576534323e-02
8.795590204781812693e-02
9.145627685100184145e-02
9.548675922451037301e-02
1.020196077374182636e-01
1.036661334102842585e-01
1.057869058331376150e-01
1.074903151277037811e-01
1.135781546242281698e-01
1.151093642948087387e-01
1.168861515776399018e-01
1.172828239017357221e-01
1.164274289122862599e-01
1.118925671668416638e-01
1.062298278893032411e-01
1.018380693756103378e-01
9.720201476909082206e-02
9.267539491340072433e-02
8.564416317662107425e-02
8.012421592341528731e-02
7.115587530530717575e-02
